9
5 35 6 27 21 24 6 10 8 46 16
1 61 66
1 122 51
2 190 27 189 7
5 227 24 237 6 106 3 105 19 96 6
1 268 51
6 327 6 324 8 325 9 329 6 326 29 330 1
3 258 17 175 32 206 20
4 311 22 171 15 282 10 155 7
206 258 206 206 206 175 175 175 258 258 258 258 258 258 258 175 175 258 258 258 175 175 175 175 175 175 175 175 175 175 189 189 189 175 175 190 190 190 190 190 190 206 206 206 206 189 175 175 190 190 190 190 190 190 190 190 171 171 171 171 171 171 171 282 171 171 171 282 171 282 282 282 155 155 155 155 155 268 311 311 311 311 311 268 311 311 268 268 268 268 268 268 311 311 268 268 268 268 311 268 268 311 311 268 268 268 268 268 268 268 268 268 268 268 268 268 268 268 268 122 122 122 122 122 122 122 122 122 122 122 122 122 122 46 46 46 46 46 122 61 61 61 61 61 61 61 61 61 61 61 61 61 61 61 61 61 61 61 122 122 122 122 122 122 122 122 122 122 122 122 122 122 46 46 46 46 46 122 61 61 61 61 61 61 61 61 61 61 61 61 61 61 61 61 61 61 61 24 24 24 24 35 27 27 27 27 35 35 24 27 27 27 27 35 27 27 27 10 10 10 10 10 10 10 227 227 227 227 227 227 227 227 227 237 237 105 105 237 227 227 227 227 227 227 227 237 105 105 105 105 105 96 96 96 96 105 106 105 106 106 326 326 326 326 326 326 326 326 326 326 325 325 325 326 326 326 326 329 329 329 326 326 325 325 324 327 324 324 324 327 327 330 327 327 324 324 