10
1 27 68
2 1100 25 312 42
1 452 55
5 62 19 950 14 980 13 751 11 1062 10
4 786 47 242 5 211 1 105 1
1 1072 60
4 309 35 1069 7 298 3 452 19
4 266 23 223 11 335 22 172 12
1 146 60
1 760 2
1072 760 1072 27 27 27 1072 1072 1072 27 27 27 27 1072 1072 1072 312 312 27 27 27 1072 1072 1072 1072 1072 1072 1072 1072 1072 312 312 312 27 27 27 27 27 27 27 1072 27 27 1072 312 312 312 312 1072 760 1072 27 27 27 1072 1072 1072 27 27 27 27 1072 1072 1072 312 312 27 27 27 1072 1072 1072 1072 1072 1072 1072 1072 1072 312 312 312 27 27 27 27 27 27 27 1072 27 27 1072 312 312 312 312 146 146 146 146 146 146 146 146 146 146 146 146 146 146 146 146 146 146 146 146 146 146 146 146 27 146 146 146 146 146 146 146 146 146 146 146 62 62 452 62 62 452 62 452 62 452 452 452 452 452 452 62 452 452 452 452 452 452 452 452 452 62 452 452 452 452 452 452 452 452 452 452 62 62 452 452 452 452 452 452 452 452 452 452 452 452 452 452 62 452 298 1069 452 1069 950 1069 1069 309 1062 950 950 950 1069 950 1062 309 309 309 309 309 309 1062 309 751 309 309 309 309 309 751 309 1062 980 950 950 980 980 309 309 950 950 309 751 980 980 980 751 751 980 980 751 1062 1062 1062 309 751 309 751 751 980 211 105 242 242 172 172 786 172 223 223 786 786 786 786 242 242 786 786 786 786 786 786 786 786 786 786 786 786 786 786 786 786 786 786 786 786 786 786 223 223 223 786 223 223 172 172 172 335 172 172 312 223 172 335 335 335 335 312 335 335 312 1100 335 335 335 335 266 266 266 266 266 266 266 266 266 266 266 266 266 1100 1100 1100 1100 1100 1100 1100 1100 1100 1100 1100 1100 1100 1100 1100 1100 1100 