10
5 1094 17 885 11 266 18 224 6 336 11
2 1115 24 1131 36
5 483 3 665 40 183 13 173 1 426 11
2 1015 31 748 32
1 1072 45
2 106 2 107 9
1 452 53
3 698 31 297 28 1062 9
5 452 25 482 2 532 17 1023 14 1071 7
1 1152 69
1152 1152 1152 1152 1152 1152 1072 1072 1152 1152 1152 1152 1072 748 1072 1152 1072 1072 1131 1131 1131 1152 1152 1131 1131 1131 1131 1072 1072 1072 1115 1115 1115 1152 1152 1152 1152 1152 1152 1072 1072 1152 1152 1072 1131 1115 1131 1131 1152 1152 1152 1152 1152 1152 1072 1072 1152 1152 1152 1152 1072 748 1072 1152 1072 1072 1131 1131 1131 1152 1152 1131 1131 1131 1131 1072 1072 1072 1115 1115 1115 1152 1152 1152 1152 1152 1152 1072 1072 1152 1152 1072 1131 1115 1131 1131 748 748 1015 1015 1015 1015 748 748 748 1015 1015 1015 1015 1015 1015 748 748 748 748 748 1015 1015 1015 748 748 1131 748 748 1015 1015 748 1015 1015 1015 1015 748 452 452 452 452 452 452 452 452 452 452 452 452 452 452 452 452 452 452 452 452 452 452 452 452 482 532 452 452 452 452 452 452 452 452 452 452 452 452 452 532 452 532 532 532 452 452 532 452 452 452 532 532 452 532 452 1023 452 532 1023 1023 1023 297 1062 1023 1023 1023 1023 1023 1062 297 297 297 297 297 297 297 1062 297 297 698 698 698 698 698 297 1062 698 698 698 698 1071 297 698 1071 698 297 297 1071 1071 1071 698 698 698 297 698 1062 1062 1062 698 698 698 698 698 698 106 483 173 106 107 107 426 107 665 665 665 665 483 665 665 665 665 665 665 665 665 665 665 665 665 183 665 183 665 183 665 665 665 665 665 183 183 665 183 224 224 665 183 183 107 107 107 426 426 336 426 426 224 336 336 336 336 426 336 426 336 885 885 885 1115 885 266 266 266 266 266 266 266 266 885 266 224 224 224 1094 1094 1094 1094 1094 1094 1115 1115 1115 1115 1094 1094 1094 1094 1094 1094 1094 