60 110 657 1.000000 1.000000 45 70 5.000000 15.000000
35.919878 14.369265
35.946183 14.390538
35.945757 14.388346
35.944914 14.385680
35.947561 14.383254
35.947716 14.383640
35.945158 14.385867
35.945928 14.388222
35.946309 14.390437
35.907924 14.403997
35.912353 14.395474
35.914289 14.389519
35.918740 14.380186
35.918557 14.376297
35.918713 14.373391
35.919406 14.369717
35.921816 14.366716
35.926740 14.368750
35.928658 14.366496
35.927420 14.357593
35.927430 14.354279
35.930650 14.349497
35.934689 14.346182
35.930783 14.347467
35.927517 14.355375
35.928704 14.366673
35.926605 14.368795
35.921691 14.366884
35.919507 14.370038
35.918999 14.372901
35.918675 14.376418
35.918875 14.380262
35.913837 14.391163
35.912161 14.396750
35.907818 14.404430
35.924392 14.373169
35.941228 14.353313
35.940583 14.355868
35.939705 14.353480
35.926990 14.369990
35.923261 14.377612
35.921267 14.379013
35.920553 14.344702
35.921131 14.378804
35.923242 14.377446
35.926998 14.369746
35.939769 14.353602
35.940266 14.355571
35.926373 14.399026
35.934623 14.359098
35.933375 14.358343
35.940020 14.355085
35.940806 14.375900
35.941097 14.376352
35.903768 14.413137
35.941598 14.380783
35.937808 14.366345
35.937927 14.366654
35.941734 14.380893
35.935144 14.348651
35.916426 14.378215 1
35.915238 14.378329 1
35.914308 14.377617 2
35.932620 14.357473 3
35.912739 14.384052 3
35.943773 14.373976 1
35.939386 14.349209 3
35.924229 14.382806 3
35.921720 14.383688 2
35.926695 14.376474 1
35.936167 14.344532 1
35.929027 14.362361 3
35.930369 14.368791 2
35.932826 14.354185 3
35.933998 14.351448 2
35.930270 14.350278 1
35.917534 14.384874 2
35.927567 14.350848 3
35.927430 14.354751 2
35.928248 14.350184 2
35.938340 14.357642 2
35.929339 14.347321 1
35.930807 14.345143 2
35.932665 14.346689 1
35.932587 14.348457 2
35.930072 14.356137 1
35.912030 14.385196 1
35.926225 14.354992 1
35.941388 14.379689 1
35.928925 14.369682 2
35.917671 14.382199 2
35.929071 14.365421 1
35.929792 14.367450 3
35.913608 14.388753 1
35.922932 14.377629 1
35.928788 14.375937 2
35.927422 14.370061 2
35.927413 14.364664 1
35.929848 14.362524 2
35.927079 14.358522 1
35.918058 14.350613 2
35.920049 14.343891 2
35.929230 14.356815 2
35.928212 14.369253 1
35.940577 14.356756 2
35.941011 14.379076 2
35.938824 14.378828 1
35.943266 14.384134 1
35.939749 14.350533 2
35.919467 14.349537 3
35.918927 14.381473 1
35.913160 14.385392 2
35.920264 14.343753 1
35.918534 14.344139 2
35.925657 14.352800 1
35.912532 14.396910 2
35.912532 14.385441 3
35.912308 14.372962 2
35.929546 14.345341 1
35.912588 14.396661 1
35.912345 14.376318 1
35.919165 14.382858 2
35.919668 14.379172 1
35.917533 14.384747 2
35.919526 14.382109 1
35.911896 14.394892 3
35.923573 14.391164 1
35.907658 14.405006 1
35.927512 14.367086 2
35.924049 14.352282 1
35.928298 14.347620 2
35.928593 14.348661 2
35.928870 14.351973 2
35.933294 14.346091 3
35.933859 14.360286 2
35.936595 14.363719 2
35.943082 14.380248 1
35.930377 14.365773 2
35.943044 14.373652 1
35.942776 14.383274 1
35.943227 14.384195 2
35.912906 14.400762 2
35.940640 14.351321 3
35.935728 14.346063 1
35.928415 14.380488 2
35.927517 14.381328 2
35.926145 14.378168 1
35.925003 14.381047 1
35.924411 14.379756 1
35.922095 14.378125 2
35.922961 14.379809 1
35.918822 14.384471 2
35.920925 14.378311 1
35.923856 14.374456 1
35.925106 14.373887 2
35.938758 14.377119 2
35.938207 14.371501 2
35.939165 14.374884 2
35.939174 14.373038 1
35.938975 14.377981 1
35.941215 14.372730 3
35.937986 14.367432 1
35.939410 14.365553 2
35.939781 14.367184 2
35.941061 14.354778 4
35.939406 14.357532 1
35.937136 14.364072 1
35.937654 14.347369 1
35.935252 14.361345 3
35.923443 14.353354 2

0.000000 5.055000 4.846000 4.575000 4.857000 4.896000 5.179000 5.418000 5.627000 3.557000 2.610000 2.030000 1.032000 0.683000 0.418000 0.050000 0.464000 1.047000 1.667000 2.487000 2.786000 3.363000 4.236000 3.546000 2.687000 1.652000 1.040000 0.449000 0.086000 0.366000 0.683000 1.040000 2.187000 2.727000 3.597000 1.029000 4.800000 4.764000 4.511000 1.288000 1.453000 1.244000 2.568000 1.254000 1.441000 1.310000 4.522000 4.165000 3.548000 3.378000 4.178000 4.662000 3.501000 3.553000 4.558000 3.954000 2.594000 2.575000 3.968000 3.943000 
4.949000 0.000000 0.208000 0.487000 0.966000 1.005000 1.288000 1.527000 1.736000 8.238000 6.273000 5.693000 4.776000 5.098000 4.833000 5.024000 4.562000 3.979000 4.230000 5.076000 4.777000 4.283000 5.156000 4.466000 4.876000 4.215000 3.986000 4.577000 4.987000 4.781000 5.098000 4.768000 5.850000 6.390000 8.198000 4.166000 4.417000 4.106000 4.266000 3.851000 4.590000 4.423000 7.138000 4.433000 4.578000 3.873000 4.255000 4.060000 8.056000 3.273000 3.408000 4.115000 1.544000 1.492000 7.970000 1.090000 2.489000 2.470000 1.076000 4.863000 
4.740000 0.208000 0.000000 0.278000 0.757000 0.796000 1.079000 1.318000 1.527000 9.280000 6.064000 5.484000 4.567000 4.889000 4.624000 4.815000 4.353000 3.770000 4.021000 4.867000 4.568000 4.074000 4.947000 4.257000 4.667000 4.006000 3.777000 4.368000 4.778000 4.572000 4.889000 4.559000 5.641000 6.181000 9.240000 3.957000 4.208000 3.897000 4.057000 3.642000 4.381000 4.214000 6.929000 4.224000 4.369000 3.664000 4.046000 3.851000 9.098000 3.064000 3.199000 3.906000 1.335000 1.283000 9.012000 0.881000 2.280000 2.261000 0.867000 4.654000 
4.462000 0.677000 0.468000 0.000000 0.479000 0.518000 0.801000 1.040000 1.249000 9.002000 5.786000 5.206000 4.289000 4.611000 4.346000 4.537000 4.075000 3.492000 3.743000 4.589000 4.290000 3.796000 4.669000 3.979000 4.389000 3.728000 3.499000 4.090000 4.500000 4.294000 4.611000 4.281000 5.363000 5.903000 8.962000 3.679000 3.930000 3.619000 3.779000 3.364000 4.103000 3.936000 6.651000 3.946000 4.091000 3.386000 3.768000 3.573000 8.820000 2.786000 2.921000 3.628000 1.057000 1.005000 8.734000 0.603000 2.002000 1.983000 0.589000 4.376000 
4.835000 0.910000 0.701000 0.430000 0.000000 0.038000 0.450000 0.689000 0.898000 9.375000 6.159000 5.579000 4.662000 4.984000 4.719000 4.910000 4.448000 3.865000 4.116000 4.962000 4.663000 4.169000 5.042000 4.352000 4.762000 4.101000 3.872000 4.463000 4.873000 4.667000 4.984000 4.654000 5.736000 6.276000 9.335000 4.052000 4.303000 3.992000 4.152000 3.737000 4.476000 4.309000 7.024000 4.319000 4.464000 3.759000 4.141000 3.946000 9.193000 3.159000 3.294000 4.001000 1.430000 1.378000 9.107000 0.976000 2.375000 2.356000 0.962000 4.749000 
4.874000 0.949000 0.740000 0.469000 0.038000 0.000000 0.489000 0.728000 0.937000 9.414000 6.198000 5.618000 4.701000 5.023000 4.758000 4.949000 4.487000 3.904000 4.155000 5.001000 4.702000 4.208000 5.081000 4.391000 4.801000 4.140000 3.911000 4.502000 4.912000 4.706000 5.023000 4.693000 5.775000 6.315000 9.374000 4.091000 4.342000 4.031000 4.191000 3.776000 4.515000 4.348000 7.063000 4.358000 4.503000 3.798000 4.180000 3.985000 9.232000 3.198000 3.333000 4.040000 1.469000 1.417000 9.146000 1.015000 2.414000 2.395000 1.001000 4.788000 
4.571000 0.646000 0.437000 0.166000 0.588000 0.627000 0.000000 0.239000 0.448000 9.111000 5.895000 5.315000 4.398000 4.720000 4.455000 4.646000 4.184000 3.601000 3.852000 4.698000 4.399000 3.905000 4.778000 4.088000 4.498000 3.837000 3.608000 4.199000 4.609000 4.403000 4.720000 4.390000 5.472000 6.012000 9.071000 3.788000 4.039000 3.728000 3.888000 3.473000 4.212000 4.045000 6.760000 4.055000 4.200000 3.495000 3.877000 3.682000 8.929000 2.895000 3.030000 3.737000 1.166000 1.114000 8.843000 0.712000 2.111000 2.092000 0.698000 4.485000 
4.810000 0.885000 0.676000 0.405000 0.827000 0.866000 0.239000 0.000000 0.209000 9.350000 6.134000 5.554000 4.637000 4.959000 4.694000 4.885000 4.423000 3.840000 4.091000 4.937000 4.638000 4.144000 5.017000 4.327000 4.737000 4.076000 3.847000 4.438000 4.848000 4.642000 4.959000 4.629000 5.711000 6.251000 9.310000 4.027000 4.278000 3.967000 4.127000 3.712000 4.451000 4.284000 6.999000 4.294000 4.439000 3.734000 4.116000 3.921000 9.168000 3.134000 3.269000 3.976000 1.405000 1.353000 9.082000 0.951000 2.350000 2.331000 0.937000 4.724000 
5.019000 1.094000 0.885000 0.614000 1.036000 1.075000 0.448000 0.209000 0.000000 9.559000 6.343000 5.763000 4.846000 5.168000 4.903000 5.094000 4.632000 4.049000 4.300000 5.146000 4.847000 4.353000 5.226000 4.536000 4.946000 4.285000 4.056000 4.647000 5.057000 4.851000 5.168000 4.838000 5.920000 6.460000 9.519000 4.236000 4.487000 4.176000 4.336000 3.921000 4.660000 4.493000 7.208000 4.503000 4.648000 3.943000 4.325000 4.130000 9.377000 3.343000 3.478000 4.185000 1.614000 1.562000 9.291000 1.160000 2.559000 2.540000 1.146000 4.933000 
3.550000 9.117000 8.908000 8.637000 8.919000 8.958000 9.241000 9.480000 9.689000 0.000000 0.946000 1.526000 2.524000 2.874000 3.138000 3.500000 4.001000 4.018000 4.269000 5.089000 5.388000 5.965000 6.838000 6.148000 5.289000 4.254000 4.025000 3.986000 3.463000 3.190000 2.874000 2.516000 1.369000 0.829000 0.039000 3.480000 7.402000 7.366000 7.113000 3.890000 3.056000 2.797000 6.018000 2.807000 3.068000 3.912000 7.124000 6.767000 4.022000 5.980000 6.780000 7.264000 5.795000 5.847000 1.000000 8.778000 5.196000 5.177000 8.764000 6.545000 
2.603000 6.402000 6.193000 5.922000 6.204000 6.243000 6.526000 6.765000 6.974000 0.946000 0.000000 0.579000 1.577000 1.927000 2.191000 2.553000 3.054000 3.071000 3.322000 4.142000 4.441000 5.018000 5.891000 5.201000 4.342000 3.307000 3.078000 3.039000 2.516000 2.243000 1.927000 1.569000 0.422000 0.116000 0.986000 2.533000 6.455000 6.419000 6.166000 2.943000 2.109000 1.850000 5.071000 1.860000 2.121000 2.965000 6.177000 5.820000 2.145000 5.033000 5.833000 6.317000 4.848000 4.900000 1.947000 5.301000 4.249000 4.230000 5.315000 5.598000 
2.023000 5.822000 5.613000 5.342000 5.624000 5.663000 5.946000 6.185000 6.394000 1.526000 0.579000 0.000000 0.997000 1.347000 1.611000 1.973000 2.474000 2.491000 2.742000 3.562000 3.861000 4.438000 5.311000 4.621000 3.762000 2.727000 2.498000 2.459000 1.936000 1.663000 1.347000 0.989000 0.156000 0.696000 1.566000 1.953000 5.875000 5.839000 5.586000 2.363000 1.529000 1.270000 4.491000 1.280000 1.541000 2.385000 5.597000 5.240000 2.810000 4.453000 5.253000 5.737000 4.268000 4.320000 2.527000 4.721000 3.669000 3.650000 4.735000 5.018000 
1.025000 4.905000 4.696000 4.425000 4.707000 4.746000 5.029000 5.268000 5.477000 2.524000 1.577000 0.997000 0.000000 0.349000 0.613000 0.975000 1.476000 1.574000 1.825000 2.645000 2.944000 3.521000 4.394000 3.704000 2.845000 1.810000 1.581000 1.461000 0.938000 0.665000 0.349000 0.008000 1.154000 1.694000 2.564000 1.036000 4.958000 4.922000 4.669000 1.446000 0.612000 0.353000 3.493000 0.363000 0.624000 1.468000 4.680000 4.323000 2.657000 3.536000 4.336000 4.820000 3.351000 3.403000 3.525000 3.804000 2.752000 2.733000 3.818000 4.101000 
0.676000 5.133000 4.924000 4.653000 4.935000 4.974000 5.257000 5.496000 5.705000 2.874000 1.927000 1.347000 0.349000 0.000000 0.264000 0.626000 1.127000 1.494000 1.745000 2.565000 2.864000 3.441000 4.314000 3.624000 2.765000 1.730000 1.501000 1.112000 0.589000 0.316000 0.000000 0.357000 1.504000 2.044000 2.914000 1.107000 4.878000 4.842000 4.589000 1.366000 0.820000 0.561000 3.144000 0.571000 0.832000 1.388000 4.600000 4.243000 2.865000 3.456000 4.256000 4.740000 3.579000 3.631000 3.875000 4.032000 2.672000 2.653000 4.046000 4.021000 
0.411000 4.868000 4.659000 4.388000 4.670000 4.709000 4.992000 5.231000 5.440000 3.138000 2.191000 1.611000 0.613000 0.264000 0.000000 0.361000 0.862000 1.229000 1.480000 2.300000 2.599000 3.176000 4.049000 3.359000 2.500000 1.465000 1.236000 0.847000 0.324000 0.051000 0.264000 0.621000 1.768000 2.308000 3.178000 0.842000 4.613000 4.577000 4.324000 1.101000 1.084000 0.825000 2.879000 0.835000 1.096000 1.123000 4.335000 3.978000 3.129000 3.191000 3.991000 4.475000 3.314000 3.366000 4.139000 3.767000 2.407000 2.388000 3.781000 3.756000 
0.050000 5.005000 4.796000 4.525000 4.807000 4.846000 5.129000 5.368000 5.577000 3.507000 2.560000 1.980000 0.982000 0.633000 0.368000 0.000000 0.501000 1.084000 1.617000 2.437000 2.736000 3.313000 4.186000 3.496000 2.637000 1.602000 1.077000 0.486000 0.036000 0.316000 0.633000 0.990000 2.137000 2.677000 3.547000 0.979000 4.750000 4.714000 4.461000 1.238000 1.403000 1.194000 2.518000 1.204000 1.391000 1.260000 4.472000 4.115000 3.498000 3.328000 4.128000 4.612000 3.451000 3.503000 4.508000 3.904000 2.544000 2.525000 3.918000 3.893000 
0.460000 4.572000 4.363000 4.092000 4.374000 4.413000 4.696000 4.935000 5.144000 4.008000 3.061000 2.481000 1.483000 1.134000 0.869000 0.501000 0.000000 0.582000 0.974000 1.794000 2.093000 2.670000 3.543000 2.853000 1.994000 0.959000 0.575000 0.015000 0.537000 0.817000 1.134000 1.491000 2.638000 3.178000 4.048000 1.120000 4.107000 4.071000 3.818000 0.710000 1.544000 1.804000 2.575000 1.814000 1.532000 0.688000 3.829000 4.025000 3.912000 3.642000 3.485000 3.969000 3.018000 3.070000 5.009000 3.471000 2.111000 2.092000 3.485000 3.250000 
0.969000 3.989000 3.780000 3.509000 3.791000 3.830000 4.113000 4.352000 4.561000 4.018000 3.071000 2.491000 1.574000 1.469000 1.204000 1.084000 0.582000 0.000000 0.391000 1.211000 1.510000 2.087000 2.960000 2.270000 1.411000 0.376000 0.006000 0.597000 1.120000 1.152000 1.469000 1.566000 2.648000 3.188000 4.058000 0.537000 3.524000 3.488000 3.235000 0.127000 0.961000 1.221000 3.158000 1.231000 0.949000 0.105000 3.246000 3.442000 3.329000 3.059000 2.902000 3.386000 2.435000 2.487000 5.019000 2.888000 1.528000 1.509000 2.902000 2.667000 
1.361000 4.240000 4.031000 3.760000 4.042000 4.081000 4.364000 4.603000 4.812000 4.269000 3.322000 2.742000 1.825000 1.720000 1.455000 1.476000 0.974000 0.391000 0.000000 0.819000 1.118000 1.695000 2.568000 1.878000 1.019000 0.014000 0.398000 0.989000 1.609000 1.403000 1.720000 1.817000 2.899000 3.439000 4.309000 0.788000 3.132000 3.096000 2.843000 0.378000 1.212000 1.472000 3.550000 1.482000 1.200000 0.356000 2.854000 3.050000 3.580000 2.667000 2.510000 2.994000 2.686000 2.738000 5.270000 3.139000 1.779000 1.760000 3.153000 2.275000 
2.181000 5.108000 4.899000 4.628000 4.910000 4.949000 5.232000 5.471000 5.680000 5.089000 4.142000 3.562000 2.645000 2.540000 2.275000 2.296000 1.794000 1.211000 0.819000 0.000000 0.298000 0.875000 1.748000 1.058000 0.199000 0.834000 1.218000 1.809000 2.429000 2.223000 2.540000 2.637000 3.719000 4.259000 5.129000 1.608000 2.312000 2.276000 2.023000 1.198000 2.032000 2.292000 2.666000 2.302000 2.020000 1.176000 2.034000 2.230000 4.400000 1.847000 1.690000 2.174000 3.554000 3.606000 6.090000 4.007000 2.608000 2.628000 4.021000 1.455000 
2.480000 4.809000 4.600000 4.329000 4.611000 4.650000 4.933000 5.172000 5.381000 5.388000 4.441000 3.861000 2.944000 2.839000 2.574000 2.595000 2.093000 1.510000 1.118000 0.298000 0.000000 0.576000 1.449000 0.759000 0.098000 1.133000 1.517000 2.108000 2.728000 2.522000 2.839000 2.936000 4.018000 4.558000 5.428000 1.907000 2.013000 1.977000 1.724000 1.497000 2.331000 2.591000 2.940000 2.601000 2.319000 1.475000 1.735000 1.931000 4.699000 1.548000 1.391000 1.875000 3.255000 3.307000 6.389000 3.708000 2.309000 2.329000 3.722000 1.156000 
3.085000 4.293000 4.084000 3.813000 4.095000 4.134000 4.417000 4.656000 4.865000 5.993000 5.046000 4.466000 3.549000 3.444000 3.179000 3.200000 2.698000 2.115000 1.723000 0.903000 0.604000 0.000000 0.873000 0.183000 0.703000 1.738000 2.122000 2.713000 3.333000 3.127000 3.444000 3.541000 4.623000 5.163000 6.033000 2.512000 1.497000 1.461000 1.208000 2.102000 2.936000 3.196000 3.545000 3.206000 2.924000 2.080000 1.219000 1.415000 5.304000 1.032000 0.875000 1.359000 2.739000 2.791000 6.994000 3.192000 1.793000 1.813000 3.206000 0.580000 
3.750000 4.958000 4.749000 4.478000 4.760000 4.799000 5.082000 5.321000 5.530000 6.658000 5.711000 5.131000 4.214000 4.109000 3.844000 3.865000 3.363000 2.780000 2.388000 1.568000 1.269000 0.665000 0.000000 0.481000 1.368000 2.403000 2.787000 3.378000 3.998000 3.792000 4.109000 4.206000 5.288000 5.828000 6.698000 3.177000 2.162000 2.126000 1.873000 2.767000 3.601000 3.861000 4.210000 3.871000 3.589000 2.745000 1.884000 2.080000 5.969000 1.697000 1.540000 2.024000 3.404000 3.456000 7.659000 3.857000 2.458000 2.478000 3.871000 1.205000 
3.268000 4.476000 4.267000 3.996000 4.278000 4.317000 4.600000 4.839000 5.048000 6.176000 5.229000 4.649000 3.732000 3.627000 3.362000 3.383000 2.881000 2.298000 1.906000 1.086000 0.787000 0.183000 1.016000 0.000000 0.886000 1.921000 2.305000 2.896000 3.516000 3.310000 3.627000 3.724000 4.806000 5.346000 6.216000 2.695000 1.680000 1.644000 1.391000 2.285000 3.119000 3.379000 3.728000 3.389000 3.107000 2.263000 1.402000 1.598000 5.487000 1.215000 1.058000 1.542000 2.922000 2.974000 7.177000 3.375000 1.976000 1.996000 3.389000 0.723000 
2.381000 4.908000 4.699000 4.428000 4.710000 4.749000 5.032000 5.271000 5.480000 5.289000 4.342000 3.762000 2.845000 2.740000 2.475000 2.496000 1.994000 1.411000 1.019000 0.199000 0.098000 0.675000 1.548000 0.858000 0.000000 1.034000 1.418000 2.009000 2.629000 2.423000 2.740000 2.837000 3.919000 4.459000 5.329000 1.808000 2.112000 2.076000 1.823000 1.398000 2.232000 2.492000 2.841000 2.502000 2.220000 1.376000 1.834000 2.030000 4.600000 1.647000 1.490000 1.974000 3.354000 3.406000 6.290000 3.807000 2.408000 2.428000 3.821000 1.255000 
1.346000 4.225000 4.016000 3.745000 4.027000 4.066000 4.349000 4.588000 4.797000 4.254000 3.307000 2.727000 1.810000 1.705000 1.440000 1.461000 0.959000 0.376000 0.014000 0.834000 1.133000 1.710000 2.583000 1.893000 1.034000 0.000000 0.383000 0.974000 1.594000 1.388000 1.705000 1.802000 2.884000 3.424000 4.294000 0.773000 3.147000 3.111000 2.858000 0.363000 1.197000 1.457000 3.535000 1.467000 1.185000 0.341000 2.869000 3.065000 3.565000 2.682000 2.525000 3.009000 2.671000 2.723000 5.255000 3.124000 1.764000 1.745000 3.138000 2.290000 
0.962000 3.996000 3.787000 3.516000 3.798000 3.837000 4.120000 4.359000 4.568000 4.025000 3.078000 2.498000 1.581000 1.476000 1.211000 1.077000 0.575000 0.006000 0.398000 1.218000 1.517000 2.094000 2.967000 2.277000 1.418000 0.383000 0.000000 0.590000 1.113000 1.159000 1.476000 1.573000 2.655000 3.195000 4.065000 0.544000 3.531000 3.495000 3.242000 0.134000 0.968000 1.228000 3.151000 1.238000 0.956000 0.112000 3.253000 3.449000 3.336000 3.066000 2.909000 3.393000 2.442000 2.494000 5.026000 2.895000 1.535000 1.516000 2.909000 2.674000 
0.445000 4.587000 4.378000 4.107000 4.389000 4.428000 4.711000 4.950000 5.159000 3.993000 3.046000 2.466000 1.468000 1.119000 0.854000 0.486000 0.015000 0.597000 0.989000 1.809000 2.108000 2.685000 3.558000 2.868000 2.009000 0.974000 0.590000 0.000000 0.522000 0.802000 1.119000 1.476000 2.623000 3.163000 4.033000 1.135000 4.122000 4.086000 3.833000 0.725000 1.559000 1.819000 2.560000 1.829000 1.547000 0.703000 3.844000 4.040000 3.927000 3.657000 3.500000 3.984000 3.033000 3.085000 4.994000 3.486000 2.126000 2.107000 3.500000 3.265000 
0.086000 4.968000 4.759000 4.488000 4.770000 4.809000 5.092000 5.331000 5.540000 3.470000 2.523000 1.943000 0.945000 0.596000 0.331000 0.036000 0.537000 1.329000 1.580000 2.400000 2.699000 3.276000 4.149000 3.459000 2.600000 1.565000 1.336000 0.522000 0.000000 0.279000 0.596000 0.953000 2.100000 2.640000 3.510000 0.942000 4.713000 4.677000 4.424000 1.201000 1.366000 1.157000 2.554000 1.167000 1.354000 1.223000 4.435000 4.078000 3.461000 3.291000 4.091000 4.575000 3.414000 3.466000 4.471000 3.867000 2.507000 2.488000 3.881000 3.856000 
0.359000 4.816000 4.607000 4.336000 4.618000 4.657000 4.940000 5.179000 5.388000 3.190000 2.243000 1.663000 0.665000 0.316000 0.051000 0.309000 0.810000 1.177000 1.428000 2.248000 2.547000 3.124000 3.997000 3.307000 2.448000 1.413000 1.184000 0.795000 0.272000 0.000000 0.316000 0.673000 1.820000 2.360000 3.230000 0.790000 4.561000 4.525000 4.272000 1.049000 1.214000 0.877000 2.827000 0.887000 1.202000 1.071000 4.283000 3.926000 3.181000 3.139000 3.939000 4.423000 3.262000 3.314000 4.191000 3.715000 2.355000 2.336000 3.729000 3.704000 
0.676000 5.133000 4.924000 4.653000 4.935000 4.974000 5.257000 5.496000 5.705000 2.874000 1.927000 1.347000 0.349000 0.000000 0.264000 0.626000 1.127000 1.494000 1.745000 2.565000 2.864000 3.441000 4.314000 3.624000 2.765000 1.730000 1.501000 1.112000 0.589000 0.316000 0.000000 0.357000 1.504000 2.044000 2.914000 1.107000 4.878000 4.842000 4.589000 1.366000 0.820000 0.561000 3.144000 0.571000 0.832000 1.388000 4.600000 4.243000 2.865000 3.456000 4.256000 4.740000 3.579000 3.631000 3.875000 4.032000 2.672000 2.653000 4.046000 4.021000 
1.033000 4.897000 4.688000 4.417000 4.699000 4.738000 5.021000 5.260000 5.469000 2.516000 1.569000 0.989000 0.008000 0.357000 0.621000 0.983000 1.484000 1.566000 1.817000 2.637000 2.936000 3.513000 4.386000 3.696000 2.837000 1.802000 1.573000 1.469000 0.946000 0.673000 0.357000 0.000000 1.146000 1.686000 2.556000 1.028000 4.950000 4.914000 4.661000 1.438000 0.604000 0.345000 3.501000 0.355000 0.616000 1.460000 4.672000 4.315000 2.649000 3.528000 4.328000 4.812000 3.343000 3.395000 3.517000 3.796000 2.744000 2.725000 3.810000 4.093000 
2.180000 5.979000 5.770000 5.499000 5.781000 5.820000 6.103000 6.342000 6.551000 1.369000 0.422000 0.156000 1.154000 1.504000 1.768000 2.130000 2.631000 2.648000 2.899000 3.719000 4.018000 4.595000 5.468000 4.778000 3.919000 2.884000 2.655000 2.616000 2.093000 1.820000 1.504000 1.146000 0.000000 0.539000 1.409000 2.110000 6.032000 5.996000 5.743000 2.520000 1.686000 1.427000 4.648000 1.437000 1.698000 2.542000 5.754000 5.397000 2.568000 4.610000 5.410000 5.894000 4.425000 4.477000 2.370000 4.878000 3.826000 3.807000 4.892000 5.175000 
2.720000 6.519000 6.310000 6.039000 6.321000 6.360000 6.643000 6.882000 7.091000 0.829000 0.116000 0.696000 1.694000 2.044000 2.308000 2.670000 3.171000 3.188000 3.439000 4.259000 4.558000 5.135000 6.008000 5.318000 4.459000 3.424000 3.195000 3.156000 2.633000 2.360000 2.044000 1.686000 0.539000 0.000000 0.869000 2.650000 6.572000 6.536000 6.283000 3.060000 2.226000 1.967000 5.188000 1.977000 2.238000 3.082000 6.294000 5.937000 2.063000 5.150000 5.950000 6.434000 4.965000 5.017000 1.830000 5.418000 4.366000 4.347000 5.432000 5.715000 
3.590000 9.077000 8.868000 8.597000 8.879000 8.918000 9.201000 9.440000 9.649000 0.039000 0.986000 1.566000 2.564000 2.914000 3.178000 3.540000 4.041000 4.058000 4.309000 5.129000 5.428000 6.005000 6.878000 6.188000 5.329000 4.294000 4.065000 4.026000 3.503000 3.230000 2.914000 2.556000 1.409000 0.869000 0.000000 3.520000 7.442000 7.406000 7.153000 3.930000 3.096000 2.837000 6.058000 2.847000 3.108000 3.952000 7.164000 6.807000 3.982000 6.020000 6.820000 7.304000 5.835000 5.887000 0.960000 8.738000 5.236000 5.217000 8.724000 6.585000 
1.058000 4.176000 3.967000 3.696000 3.978000 4.017000 4.300000 4.539000 4.748000 3.480000 2.533000 1.953000 1.036000 1.082000 0.817000 1.008000 1.120000 0.537000 0.788000 1.608000 1.907000 2.484000 3.357000 2.667000 1.808000 0.773000 0.544000 1.135000 0.971000 0.765000 1.082000 1.028000 2.110000 2.650000 3.520000 0.000000 3.921000 3.885000 3.632000 0.409000 0.423000 0.683000 3.526000 0.693000 0.411000 0.431000 3.643000 3.286000 2.791000 2.499000 3.299000 3.783000 2.622000 2.674000 4.481000 3.075000 1.715000 1.696000 3.089000 3.064000 
4.478000 4.427000 4.218000 3.947000 4.229000 4.268000 4.551000 4.790000 4.999000 7.386000 6.439000 5.859000 4.942000 4.837000 4.572000 4.593000 4.091000 3.508000 3.116000 2.296000 1.997000 1.503000 1.375000 1.686000 2.096000 3.131000 3.515000 4.106000 4.726000 4.520000 4.837000 4.934000 6.016000 6.556000 7.426000 3.905000 0.000000 0.310000 0.313000 3.495000 4.329000 4.589000 4.938000 4.599000 4.317000 3.473000 0.324000 0.357000 6.697000 1.143000 1.301000 0.464000 2.873000 2.925000 8.387000 3.326000 1.927000 1.947000 3.340000 2.083000 
4.442000 4.116000 3.907000 3.636000 3.918000 3.957000 4.240000 4.479000 4.688000 6.813000 5.866000 5.286000 4.369000 4.264000 3.999000 4.190000 4.055000 3.472000 3.080000 2.260000 1.961000 1.467000 1.339000 1.650000 2.060000 3.095000 3.479000 4.070000 4.153000 3.947000 4.264000 4.361000 5.443000 5.983000 6.853000 3.332000 0.310000 0.000000 0.252000 3.459000 3.756000 4.016000 4.902000 4.026000 3.744000 3.437000 0.241000 0.046000 6.124000 0.832000 0.990000 0.101000 2.562000 2.614000 7.814000 3.015000 1.616000 1.636000 3.029000 2.047000 
4.189000 4.276000 4.067000 3.796000 4.078000 4.117000 4.400000 4.639000 4.848000 7.097000 6.150000 5.570000 4.653000 4.548000 4.283000 4.304000 3.802000 3.219000 2.827000 2.007000 1.708000 1.214000 1.086000 1.397000 1.807000 2.842000 3.226000 3.817000 4.437000 4.231000 4.548000 4.645000 5.727000 6.267000 7.137000 3.616000 0.313000 0.252000 0.000000 3.206000 4.040000 4.300000 4.649000 4.310000 4.028000 3.184000 0.010000 0.206000 6.408000 0.992000 1.150000 0.150000 2.722000 2.774000 8.098000 3.175000 1.776000 1.796000 3.189000 1.794000 
1.097000 3.861000 3.652000 3.381000 3.663000 3.702000 3.985000 4.224000 4.433000 3.890000 2.943000 2.363000 1.446000 1.341000 1.076000 1.212000 0.710000 0.127000 0.378000 1.198000 1.497000 2.074000 2.947000 2.257000 1.398000 0.363000 0.134000 0.725000 1.230000 1.024000 1.341000 1.438000 2.520000 3.060000 3.930000 0.409000 3.511000 3.475000 3.222000 0.000000 0.833000 1.093000 3.286000 1.103000 0.821000 0.021000 3.233000 2.971000 3.201000 2.184000 2.319000 3.373000 2.307000 2.359000 4.891000 2.760000 1.400000 1.381000 2.774000 2.654000 
1.482000 4.600000 4.391000 4.120000 4.402000 4.441000 4.724000 4.963000 5.172000 3.056000 2.109000 1.529000 0.612000 0.962000 1.241000 1.432000 1.544000 0.961000 1.212000 2.032000 2.331000 2.908000 3.781000 3.091000 2.232000 1.197000 0.968000 1.559000 1.395000 1.189000 0.962000 0.604000 1.686000 2.226000 3.096000 0.423000 4.345000 4.309000 4.056000 0.833000 0.000000 0.259000 3.950000 0.269000 0.011000 0.855000 4.067000 3.710000 2.367000 2.923000 3.723000 4.207000 3.046000 3.098000 4.057000 3.499000 2.139000 2.120000 3.513000 3.488000 
1.379000 4.552000 4.343000 4.072000 4.354000 4.393000 4.676000 4.915000 5.124000 2.797000 1.850000 1.270000 0.353000 0.703000 0.967000 1.329000 1.804000 1.221000 1.472000 2.292000 2.591000 3.168000 4.041000 3.351000 2.492000 1.457000 1.228000 1.819000 1.292000 1.019000 0.703000 0.345000 1.427000 1.967000 2.837000 0.683000 4.605000 4.569000 4.316000 1.093000 0.259000 0.000000 3.847000 0.010000 0.271000 1.115000 4.327000 3.970000 2.304000 3.183000 3.983000 4.467000 2.998000 3.050000 3.798000 3.451000 2.399000 2.380000 3.465000 3.748000 
2.536000 7.091000 6.882000 6.611000 6.893000 6.932000 7.215000 7.454000 7.663000 5.993000 5.046000 4.466000 3.468000 3.119000 2.854000 2.486000 2.518000 3.101000 3.493000 2.666000 2.940000 3.517000 4.390000 3.700000 2.841000 3.478000 3.094000 2.503000 2.522000 2.802000 3.119000 3.476000 4.623000 5.163000 6.033000 3.639000 4.954000 4.918000 4.665000 3.229000 4.063000 3.680000 0.000000 3.690000 4.051000 3.207000 4.676000 4.872000 6.431000 4.489000 4.332000 4.816000 5.537000 5.589000 6.994000 5.990000 4.630000 4.611000 6.004000 4.097000 
1.389000 4.562000 4.353000 4.082000 4.364000 4.403000 4.686000 4.925000 5.134000 2.807000 1.860000 1.280000 0.363000 0.713000 0.977000 1.339000 1.814000 1.231000 1.482000 2.302000 2.601000 3.178000 4.051000 3.361000 2.502000 1.467000 1.238000 1.829000 1.302000 1.029000 0.713000 0.355000 1.437000 1.977000 2.847000 0.693000 4.615000 4.579000 4.326000 1.103000 0.269000 0.010000 3.857000 0.000000 0.281000 1.125000 4.337000 3.980000 2.314000 3.193000 3.993000 4.477000 3.008000 3.060000 3.808000 3.461000 2.409000 2.390000 3.475000 3.758000 
1.470000 4.588000 4.379000 4.108000 4.390000 4.429000 4.712000 4.951000 5.160000 3.068000 2.121000 1.541000 0.624000 0.974000 1.229000 1.420000 1.532000 0.949000 1.200000 2.020000 2.319000 2.896000 3.769000 3.079000 2.220000 1.185000 0.956000 1.547000 1.383000 1.177000 0.974000 0.616000 1.698000 2.238000 3.108000 0.411000 4.333000 4.297000 4.044000 0.821000 0.011000 0.271000 3.938000 0.281000 0.000000 0.843000 4.055000 3.698000 2.379000 2.911000 3.711000 4.195000 3.034000 3.086000 4.069000 3.487000 2.127000 2.108000 3.501000 3.476000 
1.075000 3.883000 3.674000 3.403000 3.685000 3.724000 4.007000 4.246000 4.455000 3.912000 2.965000 2.385000 1.468000 1.363000 1.098000 1.190000 0.688000 0.105000 0.356000 1.176000 1.475000 2.052000 2.925000 2.235000 1.376000 0.341000 0.112000 0.703000 1.252000 1.046000 1.363000 1.460000 2.542000 3.082000 3.952000 0.431000 3.489000 3.453000 3.200000 0.021000 0.855000 1.115000 3.264000 1.125000 0.843000 0.000000 3.211000 2.993000 3.223000 2.206000 2.867000 3.351000 2.329000 2.381000 4.913000 2.782000 1.422000 1.403000 2.796000 2.632000 
4.200000 4.265000 4.056000 3.785000 4.067000 4.106000 4.389000 4.628000 4.837000 7.108000 6.161000 5.581000 4.664000 4.559000 4.294000 4.315000 3.813000 3.230000 2.838000 2.018000 1.719000 1.225000 1.097000 1.408000 1.818000 2.853000 3.237000 3.828000 4.448000 4.242000 4.559000 4.656000 5.738000 6.278000 7.148000 3.627000 0.324000 0.241000 0.010000 3.217000 4.051000 4.311000 4.660000 4.321000 4.039000 3.195000 0.000000 0.195000 6.419000 0.981000 1.139000 0.139000 2.711000 2.763000 8.109000 3.164000 1.765000 1.785000 3.178000 1.805000 
4.396000 4.070000 3.861000 3.590000 3.872000 3.911000 4.194000 4.433000 4.642000 6.767000 5.820000 5.240000 4.323000 4.218000 3.953000 4.144000 4.009000 3.426000 3.034000 2.214000 1.915000 1.421000 1.293000 1.604000 2.014000 3.049000 3.433000 4.024000 4.107000 3.901000 4.218000 4.315000 5.397000 5.937000 6.807000 3.286000 0.357000 0.046000 0.206000 3.413000 3.710000 3.970000 4.856000 3.980000 3.698000 3.391000 0.195000 0.000000 6.078000 0.786000 0.944000 0.055000 2.516000 2.568000 7.768000 2.969000 1.570000 1.590000 2.983000 2.001000 
3.683000 8.339000 8.130000 7.859000 8.141000 8.180000 8.463000 8.702000 8.911000 2.772000 2.145000 2.725000 2.657000 3.007000 3.271000 3.633000 3.912000 3.329000 3.580000 4.400000 4.699000 5.276000 6.149000 5.459000 4.600000 3.565000 3.336000 3.927000 3.596000 3.323000 3.007000 2.649000 2.568000 2.139000 2.812000 2.791000 6.713000 6.677000 6.424000 3.201000 2.367000 2.304000 6.151000 2.314000 2.379000 3.223000 6.435000 6.078000 0.000000 5.291000 6.091000 6.575000 8.454000 8.402000 4.180000 8.000000 4.507000 4.488000 7.986000 5.856000 
3.282000 3.283000 3.074000 2.803000 3.085000 3.124000 3.407000 3.646000 3.855000 5.980000 5.033000 4.453000 3.536000 3.431000 3.166000 3.357000 2.895000 2.312000 2.645000 1.825000 1.526000 1.032000 1.905000 1.215000 1.625000 2.660000 2.319000 2.910000 3.320000 3.114000 3.431000 3.528000 4.610000 5.150000 6.020000 2.499000 1.143000 0.832000 0.992000 3.024000 2.923000 3.183000 4.467000 3.193000 2.911000 3.002000 0.981000 0.786000 5.291000 0.000000 0.157000 0.841000 1.729000 1.781000 6.981000 2.182000 0.783000 0.803000 2.196000 1.612000 
3.850000 3.418000 3.209000 2.938000 3.220000 3.259000 3.542000 3.781000 3.990000 6.758000 5.811000 5.231000 4.314000 4.209000 3.944000 3.965000 3.463000 2.880000 2.488000 1.668000 1.369000 0.875000 1.748000 1.058000 1.468000 2.503000 2.887000 3.478000 4.098000 3.892000 4.209000 4.306000 5.388000 5.928000 6.798000 3.277000 1.301000 0.990000 1.150000 2.867000 3.701000 3.961000 4.310000 3.971000 3.689000 2.845000 1.139000 0.944000 6.069000 0.157000 0.000000 0.999000 1.864000 1.916000 7.759000 2.317000 0.918000 0.938000 2.331000 1.455000 
4.340000 4.125000 3.916000 3.645000 3.927000 3.966000 4.249000 4.488000 4.697000 7.248000 6.301000 5.721000 4.804000 4.699000 4.434000 4.455000 3.953000 3.370000 2.978000 2.158000 1.859000 1.365000 1.237000 1.548000 1.958000 2.993000 3.377000 3.968000 4.588000 4.382000 4.699000 4.796000 5.878000 6.418000 7.288000 3.767000 0.412000 0.101000 0.150000 3.357000 4.191000 4.451000 4.800000 4.461000 4.179000 3.335000 0.139000 0.055000 6.559000 0.841000 0.999000 0.000000 2.571000 2.623000 8.249000 3.024000 1.625000 1.645000 3.038000 1.945000 
3.405000 1.554000 1.345000 1.074000 1.356000 1.395000 1.678000 1.917000 2.126000 6.103000 5.156000 4.576000 3.659000 3.554000 3.289000 3.480000 3.018000 2.435000 2.686000 3.532000 3.233000 2.739000 3.612000 2.922000 3.332000 2.671000 2.442000 3.033000 3.443000 3.237000 3.554000 3.651000 4.733000 5.273000 6.143000 2.622000 2.873000 2.562000 2.722000 2.307000 3.046000 3.306000 5.594000 3.316000 3.034000 2.329000 2.711000 2.516000 5.414000 1.729000 1.864000 2.571000 0.000000 0.052000 7.104000 0.453000 0.945000 0.926000 0.467000 3.319000 
3.457000 1.502000 1.293000 1.022000 1.304000 1.343000 1.626000 1.865000 2.074000 5.728000 4.781000 4.201000 3.284000 3.606000 3.341000 3.532000 3.070000 2.487000 2.738000 3.584000 3.285000 2.791000 3.664000 2.974000 3.384000 2.723000 2.494000 3.085000 3.495000 3.289000 3.606000 3.276000 4.358000 4.898000 5.768000 2.674000 2.925000 2.614000 2.774000 2.359000 3.098000 2.931000 5.646000 2.941000 3.086000 2.381000 2.763000 2.568000 5.039000 1.781000 1.916000 2.623000 0.052000 0.000000 6.729000 0.401000 0.997000 0.978000 0.415000 3.371000 
4.556000 9.035000 8.826000 8.555000 8.837000 8.876000 9.159000 9.398000 9.607000 1.005000 1.952000 2.532000 3.530000 3.880000 4.144000 4.506000 5.007000 5.024000 5.275000 6.095000 6.394000 6.971000 7.844000 7.154000 6.295000 5.260000 5.031000 4.992000 4.469000 4.196000 3.880000 3.522000 2.375000 1.835000 0.965000 4.486000 8.408000 8.372000 8.119000 4.896000 4.062000 3.803000 7.024000 3.813000 4.074000 4.918000 8.130000 7.773000 3.940000 6.986000 7.786000 8.270000 9.150000 9.098000 0.000000 8.696000 6.202000 6.183000 8.682000 7.551000 
3.858000 1.100000 0.891000 0.620000 0.902000 0.941000 1.224000 1.463000 1.672000 6.129000 5.182000 4.602000 3.685000 4.007000 3.742000 3.933000 3.471000 2.888000 3.139000 3.985000 3.686000 3.192000 4.065000 3.375000 3.785000 3.124000 2.895000 3.486000 3.896000 3.690000 4.007000 3.677000 4.759000 5.299000 6.169000 3.075000 3.326000 3.015000 3.175000 2.760000 3.499000 3.332000 6.047000 3.342000 3.487000 2.782000 3.164000 2.969000 5.440000 2.182000 2.317000 3.024000 0.453000 0.401000 9.032000 0.000000 1.398000 1.379000 0.013000 3.772000 
2.498000 2.499000 2.290000 2.019000 2.301000 2.340000 2.623000 2.862000 3.071000 5.196000 4.249000 3.669000 2.752000 2.647000 2.382000 2.573000 2.111000 1.528000 1.779000 2.586000 2.287000 1.793000 2.666000 1.976000 2.386000 1.764000 1.535000 2.126000 2.536000 2.330000 2.647000 2.744000 3.826000 4.366000 5.236000 1.715000 1.927000 1.616000 1.776000 1.400000 2.139000 2.399000 4.687000 2.409000 2.127000 1.422000 1.765000 1.570000 4.507000 0.783000 0.918000 1.625000 0.945000 0.997000 6.197000 1.398000 0.000000 0.019000 1.412000 2.373000 
2.479000 2.480000 2.271000 2.000000 2.282000 2.321000 2.604000 2.843000 3.052000 5.177000 4.230000 3.650000 2.733000 2.628000 2.363000 2.554000 2.092000 1.509000 1.760000 2.606000 2.307000 1.813000 2.686000 1.996000 2.406000 1.745000 1.516000 2.107000 2.517000 2.311000 2.628000 2.725000 3.807000 4.347000 5.217000 1.696000 1.947000 1.636000 1.796000 1.381000 2.120000 2.380000 4.668000 2.390000 2.108000 1.403000 1.785000 1.590000 4.488000 0.803000 0.938000 1.645000 0.926000 0.978000 6.178000 1.379000 0.019000 0.000000 1.393000 2.393000 
3.872000 1.086000 0.877000 0.606000 0.888000 0.927000 1.210000 1.449000 1.658000 6.143000 5.196000 4.616000 3.699000 4.021000 3.756000 3.947000 3.485000 2.902000 3.153000 3.999000 3.700000 3.206000 4.079000 3.389000 3.799000 3.138000 2.909000 3.500000 3.910000 3.704000 4.021000 3.691000 4.773000 5.313000 6.183000 3.089000 3.340000 3.029000 3.189000 2.774000 3.513000 3.346000 6.061000 3.356000 3.501000 2.796000 3.178000 2.983000 5.454000 2.196000 2.331000 3.038000 0.467000 0.415000 9.018000 0.013000 1.412000 1.393000 0.000000 3.786000 
4.043000 5.251000 5.042000 4.771000 5.053000 5.092000 5.375000 5.614000 5.823000 6.951000 6.004000 5.424000 4.507000 4.402000 4.137000 4.158000 3.656000 3.073000 2.681000 1.861000 1.562000 0.958000 0.292000 0.774000 1.661000 2.696000 3.080000 3.671000 4.291000 4.085000 4.402000 4.499000 5.581000 6.121000 6.991000 3.470000 1.155000 1.119000 0.866000 3.060000 3.894000 4.154000 4.503000 4.164000 3.882000 3.038000 0.877000 1.073000 6.262000 1.990000 1.833000 1.017000 3.697000 3.749000 7.952000 4.150000 2.751000 2.771000 4.164000 0.000000 
0.000000 588.000000 565.000000 551.000000 562.000000 565.000000 653.000000 682.000000 707.000000 308.000000 242.000000 192.000000 115.000000 78.000000 53.000000 6.000000 98.000000 165.000000 183.000000 245.000000 266.000000 323.000000 442.000000 346.000000 260.000000 182.000000 165.000000 97.000000 14.000000 46.000000 78.000000 116.000000 206.000000 251.000000 311.000000 143.000000 522.000000 512.000000 477.000000 152.000000 175.000000 159.000000 363.000000 165.000000 174.000000 153.000000 478.000000 492.000000 453.000000 414.000000 406.000000 494.000000 416.000000 421.000000 412.000000 452.000000 333.000000 327.000000 453.000000 404.000000 
563.000000 0.000000 23.000000 56.000000 104.000000 107.000000 195.000000 224.000000 249.000000 746.000000 642.000000 593.000000 541.000000 556.000000 531.000000 548.000000 494.000000 429.000000 446.000000 441.000000 420.000000 379.000000 499.000000 402.000000 426.000000 445.000000 430.000000 496.000000 545.000000 525.000000 556.000000 540.000000 607.000000 652.000000 743.000000 425.000000 486.000000 417.000000 413.000000 414.000000 458.000000 479.000000 864.000000 501.000000 457.000000 415.000000 412.000000 390.000000 738.000000 312.000000 305.000000 397.000000 156.000000 151.000000 736.000000 122.000000 231.000000 228.000000 121.000000 460.000000 
539.000000 22.000000 0.000000 32.000000 81.000000 84.000000 172.000000 200.000000 226.000000 757.000000 619.000000 570.000000 517.000000 533.000000 508.000000 525.000000 471.000000 406.000000 422.000000 417.000000 396.000000 356.000000 475.000000 378.000000 402.000000 421.000000 406.000000 473.000000 521.000000 501.000000 533.000000 516.000000 583.000000 628.000000 754.000000 402.000000 462.000000 394.000000 390.000000 390.000000 434.000000 456.000000 840.000000 477.000000 434.000000 392.000000 389.000000 366.000000 749.000000 288.000000 281.000000 373.000000 133.000000 128.000000 747.000000 99.000000 207.000000 204.000000 98.000000 437.000000 
505.000000 71.000000 48.000000 0.000000 46.000000 49.000000 137.000000 166.000000 191.000000 722.000000 584.000000 535.000000 482.000000 498.000000 473.000000 490.000000 436.000000 371.000000 387.000000 382.000000 361.000000 321.000000 440.000000 344.000000 368.000000 386.000000 371.000000 438.000000 486.000000 467.000000 498.000000 482.000000 548.000000 593.000000 719.000000 367.000000 427.000000 359.000000 355.000000 356.000000 399.000000 421.000000 805.000000 442.000000 399.000000 357.000000 354.000000 331.000000 714.000000 253.000000 246.000000 339.000000 98.000000 93.000000 712.000000 64.000000 173.000000 169.000000 63.000000 402.000000 
541.000000 97.000000 74.000000 60.000000 0.000000 3.000000 50.000000 78.000000 103.000000 758.000000 621.000000 571.000000 519.000000 535.000000 510.000000 526.000000 473.000000 407.000000 424.000000 419.000000 398.000000 357.000000 477.000000 380.000000 404.000000 423.000000 408.000000 474.000000 523.000000 503.000000 535.000000 518.000000 585.000000 630.000000 756.000000 404.000000 464.000000 395.000000 391.000000 392.000000 436.000000 458.000000 842.000000 479.000000 435.000000 394.000000 390.000000 368.000000 751.000000 290.000000 283.000000 375.000000 134.000000 129.000000 748.000000 100.000000 209.000000 206.000000 99.000000 438.000000 
544.000000 100.000000 77.000000 63.000000 3.000000 0.000000 53.000000 81.000000 106.000000 761.000000 624.000000 574.000000 522.000000 538.000000 513.000000 529.000000 476.000000 410.000000 427.000000 422.000000 401.000000 360.000000 480.000000 383.000000 407.000000 426.000000 411.000000 477.000000 526.000000 506.000000 538.000000 521.000000 588.000000 633.000000 759.000000 407.000000 467.000000 398.000000 394.000000 395.000000 439.000000 461.000000 845.000000 482.000000 438.000000 397.000000 393.000000 371.000000 754.000000 293.000000 286.000000 378.000000 137.000000 132.000000 751.000000 103.000000 212.000000 209.000000 102.000000 441.000000 
531.000000 87.000000 64.000000 51.000000 72.000000 75.000000 0.000000 28.000000 53.000000 749.000000 611.000000 561.000000 509.000000 525.000000 500.000000 516.000000 463.000000 398.000000 414.000000 409.000000 388.000000 347.000000 467.000000 370.000000 394.000000 413.000000 398.000000 465.000000 513.000000 493.000000 525.000000 508.000000 575.000000 620.000000 746.000000 394.000000 454.000000 386.000000 382.000000 382.000000 426.000000 448.000000 832.000000 469.000000 425.000000 384.000000 381.000000 358.000000 741.000000 280.000000 273.000000 365.000000 125.000000 119.000000 738.000000 91.000000 199.000000 196.000000 90.000000 428.000000 
560.000000 116.000000 93.000000 79.000000 101.000000 104.000000 28.000000 0.000000 25.000000 777.000000 640.000000 590.000000 538.000000 554.000000 528.000000 545.000000 492.000000 426.000000 443.000000 438.000000 417.000000 376.000000 496.000000 399.000000 423.000000 442.000000 427.000000 493.000000 542.000000 522.000000 554.000000 537.000000 604.000000 649.000000 775.000000 422.000000 483.000000 414.000000 410.000000 411.000000 455.000000 476.000000 861.000000 498.000000 454.000000 413.000000 409.000000 387.000000 770.000000 309.000000 302.000000 394.000000 153.000000 148.000000 767.000000 119.000000 228.000000 225.000000 118.000000 457.000000 
585.000000 141.000000 118.000000 104.000000 126.000000 129.000000 53.000000 25.000000 0.000000 802.000000 665.000000 615.000000 563.000000 579.000000 554.000000 570.000000 517.000000 451.000000 468.000000 463.000000 442.000000 401.000000 521.000000 424.000000 448.000000 467.000000 452.000000 518.000000 567.000000 547.000000 579.000000 562.000000 629.000000 674.000000 800.000000 448.000000 508.000000 439.000000 435.000000 436.000000 480.000000 502.000000 886.000000 523.000000 479.000000 438.000000 434.000000 412.000000 795.000000 334.000000 327.000000 419.000000 178.000000 173.000000 792.000000 144.000000 253.000000 250.000000 143.000000 482.000000 
319.000000 770.000000 747.000000 733.000000 744.000000 747.000000 835.000000 864.000000 889.000000 0.000000 66.000000 115.000000 193.000000 226.000000 252.000000 293.000000 385.000000 359.000000 376.000000 437.000000 459.000000 515.000000 635.000000 538.000000 452.000000 375.000000 360.000000 383.000000 290.000000 259.000000 226.000000 192.000000 102.000000 57.000000 2.000000 309.000000 714.000000 704.000000 670.000000 344.000000 276.000000 243.000000 633.000000 249.000000 277.000000 346.000000 671.000000 684.000000 349.000000 606.000000 599.000000 686.000000 620.000000 626.000000 103.000000 710.000000 526.000000 519.000000 709.000000 596.000000 
253.000000 725.000000 702.000000 689.000000 700.000000 703.000000 791.000000 820.000000 845.000000 66.000000 0.000000 48.000000 126.000000 159.000000 185.000000 226.000000 318.000000 293.000000 309.000000 371.000000 392.000000 449.000000 568.000000 472.000000 386.000000 308.000000 293.000000 317.000000 223.000000 192.000000 159.000000 125.000000 35.000000 9.000000 69.000000 242.000000 648.000000 637.000000 603.000000 277.000000 209.000000 176.000000 566.000000 182.000000 210.000000 279.000000 604.000000 618.000000 328.000000 540.000000 532.000000 620.000000 554.000000 559.000000 170.000000 590.000000 459.000000 453.000000 591.000000 530.000000 
204.000000 676.000000 653.000000 640.000000 651.000000 654.000000 742.000000 771.000000 796.000000 116.000000 49.000000 0.000000 77.000000 110.000000 137.000000 178.000000 270.000000 244.000000 260.000000 322.000000 343.000000 400.000000 519.000000 423.000000 337.000000 259.000000 244.000000 268.000000 174.000000 143.000000 110.000000 76.000000 13.000000 58.000000 118.000000 193.000000 599.000000 588.000000 554.000000 229.000000 160.000000 127.000000 517.000000 134.000000 161.000000 230.000000 555.000000 569.000000 380.000000 491.000000 483.000000 571.000000 505.000000 510.000000 219.000000 541.000000 410.000000 404.000000 542.000000 481.000000 
126.000000 593.000000 570.000000 557.000000 568.000000 571.000000 659.000000 688.000000 713.000000 192.000000 126.000000 76.000000 0.000000 32.000000 59.000000 100.000000 192.000000 161.000000 177.000000 238.000000 260.000000 316.000000 436.000000 339.000000 254.000000 176.000000 161.000000 190.000000 96.000000 65.000000 32.000000 0.000000 90.000000 135.000000 195.000000 110.000000 515.000000 505.000000 471.000000 145.000000 77.000000 44.000000 440.000000 50.000000 78.000000 147.000000 472.000000 485.000000 339.000000 408.000000 400.000000 487.000000 421.000000 427.000000 296.000000 458.000000 327.000000 321.000000 458.000000 398.000000 
91.000000 589.000000 566.000000 553.000000 563.000000 566.000000 655.000000 683.000000 708.000000 228.000000 161.000000 112.000000 35.000000 0.000000 24.000000 65.000000 157.000000 168.000000 185.000000 246.000000 268.000000 324.000000 444.000000 347.000000 261.000000 184.000000 169.000000 155.000000 62.000000 31.000000 0.000000 36.000000 125.000000 170.000000 230.000000 144.000000 523.000000 513.000000 479.000000 153.000000 111.000000 78.000000 405.000000 85.000000 112.000000 154.000000 480.000000 493.000000 373.000000 415.000000 408.000000 495.000000 417.000000 422.000000 332.000000 453.000000 334.000000 328.000000 454.000000 405.000000 
67.000000 564.000000 541.000000 528.000000 539.000000 542.000000 630.000000 659.000000 684.000000 255.000000 188.000000 139.000000 62.000000 25.000000 0.000000 41.000000 132.000000 143.000000 160.000000 221.000000 243.000000 299.000000 419.000000 322.000000 237.000000 159.000000 144.000000 131.000000 37.000000 6.000000 25.000000 63.000000 152.000000 197.000000 257.000000 119.000000 498.000000 488.000000 454.000000 128.000000 138.000000 105.000000 380.000000 112.000000 139.000000 130.000000 455.000000 468.000000 400.000000 391.000000 383.000000 470.000000 393.000000 398.000000 359.000000 429.000000 310.000000 303.000000 430.000000 381.000000 
6.000000 577.000000 554.000000 540.000000 551.000000 554.000000 642.000000 671.000000 696.000000 297.000000 231.000000 181.000000 104.000000 67.000000 42.000000 0.000000 89.000000 156.000000 172.000000 234.000000 255.000000 312.000000 431.000000 335.000000 249.000000 171.000000 156.000000 88.000000 3.000000 35.000000 67.000000 105.000000 195.000000 240.000000 300.000000 132.000000 511.000000 501.000000 466.000000 141.000000 164.000000 148.000000 337.000000 154.000000 163.000000 142.000000 467.000000 481.000000 442.000000 403.000000 395.000000 483.000000 405.000000 410.000000 401.000000 441.000000 322.000000 316.000000 442.000000 393.000000 
83.000000 527.000000 505.000000 491.000000 502.000000 505.000000 593.000000 622.000000 647.000000 374.000000 307.000000 258.000000 181.000000 144.000000 119.000000 74.000000 0.000000 66.000000 104.000000 165.000000 187.000000 243.000000 363.000000 266.000000 180.000000 103.000000 66.000000 1.000000 80.000000 112.000000 144.000000 182.000000 272.000000 317.000000 377.000000 133.000000 442.000000 432.000000 398.000000 97.000000 165.000000 197.000000 369.000000 218.000000 165.000000 96.000000 399.000000 419.000000 450.000000 346.000000 327.000000 414.000000 356.000000 361.000000 478.000000 392.000000 273.000000 267.000000 393.000000 324.000000 
133.000000 461.000000 438.000000 424.000000 435.000000 438.000000 526.000000 555.000000 580.000000 360.000000 293.000000 243.000000 191.000000 197.000000 172.000000 140.000000 65.000000 0.000000 37.000000 98.000000 120.000000 176.000000 296.000000 199.000000 113.000000 36.000000 0.000000 67.000000 145.000000 166.000000 197.000000 190.000000 257.000000 302.000000 362.000000 66.000000 375.000000 365.000000 331.000000 30.000000 98.000000 130.000000 434.000000 151.000000 98.000000 29.000000 332.000000 352.000000 383.000000 280.000000 260.000000 347.000000 289.000000 294.000000 463.000000 325.000000 206.000000 200.000000 326.000000 257.000000 
187.000000 463.000000 440.000000 427.000000 438.000000 441.000000 529.000000 558.000000 583.000000 362.000000 295.000000 246.000000 194.000000 200.000000 175.000000 193.000000 118.000000 53.000000 0.000000 61.000000 82.000000 139.000000 258.000000 162.000000 76.000000 1.000000 54.000000 120.000000 188.000000 168.000000 200.000000 193.000000 260.000000 305.000000 365.000000 69.000000 338.000000 328.000000 293.000000 33.000000 101.000000 132.000000 487.000000 154.000000 100.000000 32.000000 294.000000 315.000000 386.000000 242.000000 222.000000 310.000000 292.000000 297.000000 466.000000 328.000000 209.000000 203.000000 329.000000 220.000000 
250.000000 480.000000 457.000000 444.000000 455.000000 458.000000 546.000000 575.000000 600.000000 426.000000 359.000000 309.000000 257.000000 263.000000 238.000000 257.000000 182.000000 116.000000 63.000000 0.000000 21.000000 78.000000 197.000000 100.000000 15.000000 64.000000 117.000000 183.000000 251.000000 232.000000 263.000000 256.000000 323.000000 368.000000 428.000000 132.000000 276.000000 266.000000 232.000000 96.000000 164.000000 196.000000 428.000000 217.000000 164.000000 95.000000 233.000000 254.000000 449.000000 181.000000 161.000000 248.000000 309.000000 314.000000 529.000000 345.000000 236.000000 238.000000 346.000000 159.000000 
271.000000 459.000000 436.000000 423.000000 433.000000 436.000000 525.000000 553.000000 578.000000 446.000000 380.000000 330.000000 278.000000 284.000000 259.000000 277.000000 202.000000 137.000000 84.000000 20.000000 0.000000 56.000000 176.000000 79.000000 6.000000 85.000000 138.000000 204.000000 272.000000 252.000000 284.000000 277.000000 344.000000 389.000000 449.000000 153.000000 255.000000 245.000000 210.000000 117.000000 185.000000 217.000000 460.000000 238.000000 185.000000 116.000000 212.000000 232.000000 470.000000 159.000000 140.000000 227.000000 287.000000 292.000000 550.000000 323.000000 215.000000 216.000000 324.000000 137.000000 
346.000000 392.000000 370.000000 356.000000 367.000000 370.000000 458.000000 487.000000 512.000000 521.000000 454.000000 405.000000 353.000000 359.000000 334.000000 352.000000 277.000000 212.000000 158.000000 95.000000 74.000000 0.000000 117.000000 20.000000 81.000000 159.000000 212.000000 279.000000 347.000000 327.000000 359.000000 352.000000 419.000000 464.000000 524.000000 228.000000 189.000000 178.000000 144.000000 192.000000 260.000000 291.000000 535.000000 313.000000 259.000000 191.000000 145.000000 166.000000 545.000000 93.000000 73.000000 160.000000 221.000000 226.000000 625.000000 257.000000 148.000000 150.000000 258.000000 79.000000 
423.000000 470.000000 447.000000 434.000000 445.000000 448.000000 536.000000 565.000000 590.000000 599.000000 532.000000 483.000000 430.000000 437.000000 411.000000 430.000000 355.000000 290.000000 236.000000 173.000000 152.000000 75.000000 0.000000 55.000000 158.000000 237.000000 290.000000 357.000000 425.000000 405.000000 437.000000 430.000000 496.000000 541.000000 601.000000 305.000000 266.000000 256.000000 222.000000 270.000000 338.000000 369.000000 613.000000 390.000000 337.000000 268.000000 223.000000 244.000000 623.000000 171.000000 151.000000 238.000000 299.000000 304.000000 703.000000 335.000000 226.000000 227.000000 336.000000 133.000000 
368.000000 415.000000 392.000000 379.000000 390.000000 393.000000 481.000000 510.000000 535.000000 544.000000 477.000000 428.000000 375.000000 381.000000 356.000000 375.000000 300.000000 234.000000 181.000000 118.000000 97.000000 20.000000 116.000000 0.000000 103.000000 182.000000 235.000000 302.000000 370.000000 350.000000 381.000000 374.000000 441.000000 486.000000 546.000000 250.000000 211.000000 201.000000 167.000000 215.000000 283.000000 314.000000 558.000000 335.000000 282.000000 213.000000 168.000000 188.000000 567.000000 116.000000 96.000000 183.000000 243.000000 249.000000 647.000000 279.000000 171.000000 172.000000 280.000000 78.000000 
265.000000 465.000000 442.000000 429.000000 440.000000 443.000000 531.000000 560.000000 585.000000 440.000000 373.000000 324.000000 272.000000 278.000000 253.000000 271.000000 196.000000 131.000000 77.000000 14.000000 6.000000 62.000000 182.000000 85.000000 0.000000 78.000000 131.000000 198.000000 266.000000 246.000000 278.000000 271.000000 338.000000 383.000000 443.000000 147.000000 261.000000 251.000000 217.000000 111.000000 179.000000 210.000000 454.000000 232.000000 178.000000 109.000000 218.000000 239.000000 464.000000 166.000000 146.000000 233.000000 294.000000 299.000000 544.000000 330.000000 221.000000 222.000000 331.000000 144.000000 
186.000000 462.000000 439.000000 426.000000 437.000000 440.000000 528.000000 557.000000 582.000000 361.000000 294.000000 245.000000 193.000000 199.000000 174.000000 192.000000 117.000000 52.000000 0.000000 62.000000 83.000000 140.000000 259.000000 163.000000 77.000000 0.000000 53.000000 119.000000 187.000000 167.000000 199.000000 192.000000 259.000000 304.000000 364.000000 68.000000 339.000000 329.000000 294.000000 32.000000 100.000000 131.000000 486.000000 153.000000 99.000000 31.000000 295.000000 316.000000 385.000000 243.000000 223.000000 311.000000 291.000000 296.000000 465.000000 327.000000 208.000000 202.000000 328.000000 221.000000 
133.000000 461.000000 438.000000 425.000000 436.000000 439.000000 527.000000 556.000000 581.000000 360.000000 293.000000 244.000000 192.000000 198.000000 173.000000 139.000000 64.000000 0.000000 37.000000 99.000000 120.000000 177.000000 296.000000 200.000000 114.000000 37.000000 0.000000 66.000000 145.000000 166.000000 198.000000 191.000000 258.000000 303.000000 363.000000 67.000000 376.000000 366.000000 331.000000 31.000000 99.000000 130.000000 433.000000 152.000000 98.000000 29.000000 332.000000 353.000000 384.000000 280.000000 260.000000 348.000000 290.000000 295.000000 464.000000 326.000000 207.000000 200.000000 327.000000 258.000000 
81.000000 529.000000 506.000000 493.000000 504.000000 507.000000 595.000000 624.000000 649.000000 372.000000 306.000000 256.000000 179.000000 142.000000 117.000000 73.000000 1.000000 68.000000 106.000000 167.000000 188.000000 245.000000 364.000000 268.000000 182.000000 105.000000 68.000000 0.000000 78.000000 111.000000 142.000000 180.000000 270.000000 315.000000 375.000000 135.000000 444.000000 434.000000 399.000000 99.000000 167.000000 198.000000 367.000000 220.000000 166.000000 98.000000 401.000000 421.000000 452.000000 348.000000 329.000000 416.000000 358.000000 363.000000 476.000000 394.000000 275.000000 269.000000 395.000000 326.000000 
29.000000 573.000000 550.000000 537.000000 548.000000 551.000000 639.000000 668.000000 693.000000 294.000000 227.000000 178.000000 101.000000 63.000000 38.000000 3.000000 95.000000 152.000000 169.000000 230.000000 252.000000 308.000000 428.000000 331.000000 245.000000 168.000000 153.000000 93.000000 0.000000 32.000000 63.000000 102.000000 191.000000 236.000000 296.000000 128.000000 507.000000 497.000000 463.000000 137.000000 161.000000 144.000000 343.000000 151.000000 160.000000 139.000000 464.000000 477.000000 439.000000 399.000000 392.000000 479.000000 402.000000 407.000000 397.000000 438.000000 319.000000 312.000000 438.000000 389.000000 
60.000000 558.000000 535.000000 522.000000 532.000000 535.000000 624.000000 652.000000 677.000000 261.000000 195.000000 145.000000 68.000000 31.000000 6.000000 34.000000 126.000000 137.000000 154.000000 215.000000 237.000000 293.000000 413.000000 316.000000 230.000000 153.000000 138.000000 124.000000 31.000000 0.000000 31.000000 69.000000 159.000000 204.000000 264.000000 113.000000 492.000000 482.000000 447.000000 122.000000 145.000000 112.000000 374.000000 118.000000 145.000000 123.000000 449.000000 462.000000 406.000000 384.000000 377.000000 464.000000 386.000000 391.000000 365.000000 422.000000 303.000000 297.000000 423.000000 374.000000 
91.000000 589.000000 566.000000 553.000000 563.000000 566.000000 655.000000 683.000000 708.000000 228.000000 161.000000 112.000000 35.000000 0.000000 24.000000 65.000000 157.000000 168.000000 185.000000 246.000000 268.000000 324.000000 444.000000 347.000000 261.000000 184.000000 169.000000 155.000000 62.000000 31.000000 0.000000 36.000000 125.000000 170.000000 230.000000 144.000000 523.000000 513.000000 479.000000 153.000000 111.000000 78.000000 405.000000 85.000000 112.000000 154.000000 480.000000 493.000000 373.000000 415.000000 408.000000 495.000000 417.000000 422.000000 332.000000 453.000000 334.000000 328.000000 454.000000 405.000000 
127.000000 592.000000 569.000000 556.000000 567.000000 570.000000 658.000000 687.000000 712.000000 192.000000 125.000000 76.000000 0.000000 33.000000 60.000000 101.000000 193.000000 160.000000 176.000000 238.000000 259.000000 316.000000 435.000000 339.000000 253.000000 175.000000 160.000000 191.000000 97.000000 66.000000 33.000000 0.000000 89.000000 134.000000 194.000000 109.000000 515.000000 504.000000 470.000000 144.000000 76.000000 43.000000 440.000000 49.000000 77.000000 146.000000 471.000000 485.000000 338.000000 407.000000 399.000000 487.000000 421.000000 426.000000 295.000000 457.000000 326.000000 320.000000 458.000000 397.000000 
217.000000 690.000000 667.000000 654.000000 664.000000 668.000000 756.000000 784.000000 810.000000 102.000000 35.000000 13.000000 91.000000 124.000000 150.000000 191.000000 283.000000 257.000000 274.000000 335.000000 357.000000 413.000000 533.000000 436.000000 350.000000 273.000000 258.000000 281.000000 188.000000 157.000000 124.000000 90.000000 0.000000 45.000000 105.000000 207.000000 612.000000 602.000000 568.000000 242.000000 174.000000 141.000000 531.000000 147.000000 175.000000 244.000000 569.000000 582.000000 364.000000 504.000000 497.000000 584.000000 518.000000 524.000000 206.000000 554.000000 424.000000 417.000000 555.000000 494.000000 
262.000000 735.000000 712.000000 698.000000 709.000000 712.000000 800.000000 829.000000 854.000000 57.000000 9.000000 58.000000 135.000000 168.000000 195.000000 236.000000 328.000000 302.000000 319.000000 380.000000 401.000000 458.000000 577.000000 481.000000 395.000000 318.000000 303.000000 326.000000 232.000000 201.000000 168.000000 135.000000 44.000000 0.000000 59.000000 251.000000 657.000000 647.000000 612.000000 287.000000 218.000000 185.000000 576.000000 192.000000 219.000000 288.000000 614.000000 627.000000 334.000000 549.000000 542.000000 629.000000 563.000000 568.000000 161.000000 599.000000 468.000000 462.000000 600.000000 539.000000 
322.000000 767.000000 744.000000 731.000000 742.000000 745.000000 833.000000 862.000000 887.000000 2.000000 69.000000 118.000000 195.000000 228.000000 255.000000 296.000000 388.000000 362.000000 379.000000 440.000000 461.000000 518.000000 637.000000 541.000000 455.000000 378.000000 363.000000 386.000000 292.000000 261.000000 228.000000 195.000000 104.000000 59.000000 0.000000 311.000000 717.000000 707.000000 672.000000 347.000000 278.000000 245.000000 636.000000 252.000000 279.000000 348.000000 674.000000 687.000000 347.000000 609.000000 601.000000 689.000000 623.000000 628.000000 101.000000 707.000000 528.000000 522.000000 706.000000 599.000000 
145.000000 471.000000 448.000000 435.000000 446.000000 449.000000 537.000000 566.000000 591.000000 293.000000 226.000000 177.000000 124.000000 127.000000 102.000000 119.000000 116.000000 50.000000 67.000000 128.000000 150.000000 206.000000 326.000000 229.000000 143.000000 66.000000 51.000000 118.000000 116.000000 96.000000 127.000000 124.000000 190.000000 236.000000 295.000000 0.000000 405.000000 395.000000 361.000000 35.000000 32.000000 63.000000 459.000000 85.000000 31.000000 37.000000 362.000000 375.000000 317.000000 297.000000 290.000000 377.000000 299.000000 305.000000 397.000000 336.000000 217.000000 210.000000 336.000000 287.000000 
507.000000 467.000000 444.000000 431.000000 442.000000 445.000000 533.000000 562.000000 587.000000 682.000000 615.000000 566.000000 514.000000 520.000000 495.000000 513.000000 438.000000 373.000000 319.000000 256.000000 235.000000 195.000000 215.000000 217.000000 242.000000 320.000000 373.000000 440.000000 508.000000 488.000000 520.000000 513.000000 580.000000 625.000000 685.000000 389.000000 0.000000 68.000000 55.000000 353.000000 421.000000 452.000000 696.000000 474.000000 420.000000 351.000000 56.000000 75.000000 706.000000 158.000000 191.000000 71.000000 296.000000 301.000000 786.000000 332.000000 223.000000 225.000000 333.000000 276.000000 
493.000000 399.000000 376.000000 363.000000 374.000000 377.000000 465.000000 494.000000 519.000000 662.000000 596.000000 546.000000 494.000000 500.000000 475.000000 492.000000 425.000000 360.000000 306.000000 243.000000 222.000000 181.000000 202.000000 204.000000 228.000000 307.000000 360.000000 427.000000 488.000000 468.000000 500.000000 493.000000 560.000000 605.000000 665.000000 369.000000 68.000000 0.000000 31.000000 340.000000 401.000000 433.000000 683.000000 454.000000 401.000000 338.000000 30.000000 7.000000 686.000000 89.000000 122.000000 14.000000 227.000000 233.000000 766.000000 264.000000 155.000000 156.000000 264.000000 262.000000 
462.000000 423.000000 400.000000 387.000000 398.000000 401.000000 489.000000 518.000000 543.000000 638.000000 571.000000 522.000000 469.000000 475.000000 450.000000 469.000000 394.000000 328.000000 275.000000 212.000000 191.000000 150.000000 170.000000 173.000000 197.000000 276.000000 329.000000 396.000000 463.000000 444.000000 475.000000 468.000000 535.000000 580.000000 640.000000 344.000000 85.000000 34.000000 0.000000 309.000000 377.000000 408.000000 652.000000 429.000000 376.000000 307.000000 1.000000 21.000000 661.000000 113.000000 146.000000 16.000000 251.000000 257.000000 741.000000 288.000000 179.000000 180.000000 288.000000 231.000000 
149.000000 430.000000 407.000000 393.000000 404.000000 407.000000 495.000000 524.000000 549.000000 329.000000 262.000000 212.000000 160.000000 166.000000 141.000000 155.000000 80.000000 15.000000 31.000000 93.000000 114.000000 171.000000 290.000000 194.000000 108.000000 30.000000 15.000000 82.000000 154.000000 135.000000 166.000000 159.000000 226.000000 271.000000 331.000000 35.000000 370.000000 359.000000 325.000000 0.000000 67.000000 99.000000 449.000000 120.000000 67.000000 1.000000 326.000000 334.000000 352.000000 256.000000 249.000000 342.000000 258.000000 263.000000 432.000000 294.000000 175.000000 169.000000 295.000000 252.000000 
178.000000 504.000000 481.000000 468.000000 478.000000 481.000000 570.000000 598.000000 623.000000 261.000000 194.000000 144.000000 92.000000 125.000000 135.000000 152.000000 148.000000 83.000000 100.000000 161.000000 183.000000 239.000000 359.000000 262.000000 176.000000 99.000000 84.000000 150.000000 148.000000 128.000000 125.000000 91.000000 158.000000 203.000000 263.000000 32.000000 438.000000 428.000000 393.000000 68.000000 0.000000 31.000000 492.000000 52.000000 0.000000 69.000000 395.000000 408.000000 284.000000 330.000000 323.000000 410.000000 332.000000 337.000000 364.000000 368.000000 249.000000 243.000000 369.000000 320.000000 
185.000000 547.000000 524.000000 510.000000 521.000000 524.000000 612.000000 641.000000 666.000000 227.000000 161.000000 111.000000 59.000000 91.000000 118.000000 159.000000 179.000000 114.000000 131.000000 192.000000 214.000000 270.000000 390.000000 293.000000 207.000000 130.000000 115.000000 181.000000 156.000000 124.000000 91.000000 58.000000 125.000000 170.000000 230.000000 63.000000 469.000000 459.000000 424.000000 99.000000 30.000000 0.000000 499.000000 1.000000 31.000000 100.000000 426.000000 439.000000 292.000000 361.000000 354.000000 441.000000 375.000000 380.000000 331.000000 411.000000 280.000000 274.000000 412.000000 351.000000 
345.000000 851.000000 828.000000 814.000000 825.000000 828.000000 916.000000 945.000000 970.000000 634.000000 567.000000 518.000000 441.000000 404.000000 379.000000 334.000000 323.000000 389.000000 427.000000 432.000000 435.000000 492.000000 611.000000 514.000000 429.000000 426.000000 389.000000 321.000000 340.000000 372.000000 404.000000 442.000000 532.000000 577.000000 637.000000 456.000000 691.000000 680.000000 646.000000 420.000000 488.000000 485.000000 0.000000 491.000000 488.000000 419.000000 647.000000 668.000000 773.000000 595.000000 575.000000 662.000000 679.000000 684.000000 738.000000 715.000000 596.000000 590.000000 716.000000 573.000000 
206.000000 553.000000 530.000000 517.000000 527.000000 530.000000 619.000000 647.000000 672.000000 249.000000 182.000000 132.000000 80.000000 113.000000 139.000000 180.000000 186.000000 120.000000 137.000000 198.000000 220.000000 276.000000 396.000000 299.000000 213.000000 136.000000 121.000000 188.000000 177.000000 146.000000 113.000000 79.000000 146.000000 191.000000 251.000000 69.000000 475.000000 465.000000 431.000000 105.000000 37.000000 1.000000 520.000000 0.000000 38.000000 107.000000 432.000000 445.000000 299.000000 367.000000 360.000000 447.000000 381.000000 386.000000 352.000000 417.000000 287.000000 280.000000 418.000000 357.000000 
177.000000 503.000000 480.000000 467.000000 478.000000 481.000000 569.000000 598.000000 623.000000 261.000000 195.000000 145.000000 93.000000 125.000000 134.000000 151.000000 148.000000 82.000000 99.000000 160.000000 182.000000 238.000000 358.000000 261.000000 175.000000 98.000000 83.000000 149.000000 147.000000 128.000000 125.000000 92.000000 159.000000 204.000000 264.000000 31.000000 437.000000 427.000000 393.000000 67.000000 0.000000 32.000000 491.000000 53.000000 0.000000 69.000000 394.000000 407.000000 285.000000 329.000000 322.000000 409.000000 331.000000 337.000000 365.000000 368.000000 249.000000 242.000000 368.000000 319.000000 
147.000000 431.000000 408.000000 395.000000 406.000000 409.000000 497.000000 526.000000 551.000000 330.000000 263.000000 214.000000 162.000000 168.000000 143.000000 153.000000 78.000000 13.000000 30.000000 91.000000 113.000000 169.000000 289.000000 192.000000 106.000000 29.000000 14.000000 80.000000 156.000000 136.000000 168.000000 161.000000 228.000000 273.000000 333.000000 37.000000 368.000000 358.000000 324.000000 1.000000 69.000000 100.000000 448.000000 122.000000 68.000000 0.000000 325.000000 335.000000 354.000000 257.000000 253.000000 340.000000 260.000000 265.000000 434.000000 296.000000 177.000000 170.000000 297.000000 250.000000 
463.000000 422.000000 399.000000 386.000000 397.000000 400.000000 488.000000 516.000000 542.000000 639.000000 572.000000 523.000000 470.000000 476.000000 451.000000 470.000000 395.000000 330.000000 276.000000 213.000000 192.000000 151.000000 172.000000 174.000000 198.000000 277.000000 330.000000 397.000000 465.000000 445.000000 476.000000 470.000000 536.000000 581.000000 641.000000 345.000000 86.000000 33.000000 1.000000 310.000000 378.000000 409.000000 653.000000 430.000000 377.000000 308.000000 0.000000 20.000000 662.000000 112.000000 145.000000 15.000000 250.000000 256.000000 743.000000 286.000000 178.000000 179.000000 287.000000 232.000000 
484.000000 386.000000 364.000000 350.000000 361.000000 364.000000 452.000000 481.000000 506.000000 650.000000 583.000000 534.000000 481.000000 487.000000 462.000000 479.000000 415.000000 350.000000 297.000000 233.000000 212.000000 172.000000 192.000000 195.000000 219.000000 298.000000 351.000000 417.000000 476.000000 456.000000 487.000000 481.000000 547.000000 592.000000 652.000000 356.000000 75.000000 7.000000 21.000000 330.000000 389.000000 420.000000 673.000000 441.000000 388.000000 329.000000 20.000000 0.000000 673.000000 77.000000 110.000000 5.000000 215.000000 220.000000 754.000000 251.000000 142.000000 144.000000 252.000000 253.000000 
484.000000 686.000000 663.000000 650.000000 660.000000 663.000000 752.000000 780.000000 806.000000 341.000000 316.000000 365.000000 357.000000 390.000000 416.000000 457.000000 466.000000 401.000000 418.000000 479.000000 501.000000 557.000000 677.000000 580.000000 494.000000 417.000000 402.000000 468.000000 454.000000 423.000000 390.000000 356.000000 351.000000 301.000000 344.000000 350.000000 756.000000 746.000000 712.000000 386.000000 318.000000 296.000000 797.000000 317.000000 318.000000 387.000000 713.000000 726.000000 0.000000 648.000000 641.000000 728.000000 660.000000 655.000000 373.000000 626.000000 567.000000 561.000000 625.000000 638.000000 
417.000000 309.000000 286.000000 273.000000 284.000000 287.000000 375.000000 404.000000 429.000000 573.000000 506.000000 456.000000 404.000000 410.000000 385.000000 402.000000 348.000000 283.000000 232.000000 169.000000 148.000000 107.000000 227.000000 130.000000 154.000000 233.000000 283.000000 350.000000 398.000000 379.000000 410.000000 403.000000 470.000000 515.000000 575.000000 279.000000 173.000000 105.000000 101.000000 266.000000 312.000000 343.000000 609.000000 364.000000 311.000000 264.000000 100.000000 77.000000 596.000000 0.000000 33.000000 85.000000 138.000000 143.000000 676.000000 174.000000 65.000000 66.000000 175.000000 188.000000 
384.000000 317.000000 294.000000 281.000000 291.000000 294.000000 383.000000 411.000000 436.000000 559.000000 493.000000 443.000000 391.000000 397.000000 372.000000 391.000000 316.000000 250.000000 197.000000 133.000000 113.000000 72.000000 191.000000 95.000000 119.000000 198.000000 251.000000 317.000000 385.000000 366.000000 397.000000 390.000000 457.000000 502.000000 562.000000 266.000000 191.000000 123.000000 119.000000 230.000000 298.000000 330.000000 573.000000 351.000000 298.000000 229.000000 118.000000 95.000000 583.000000 17.000000 0.000000 102.000000 145.000000 150.000000 663.000000 181.000000 73.000000 74.000000 182.000000 153.000000 
479.000000 407.000000 384.000000 371.000000 381.000000 384.000000 473.000000 501.000000 526.000000 654.000000 587.000000 538.000000 485.000000 492.000000 467.000000 485.000000 410.000000 345.000000 291.000000 228.000000 207.000000 167.000000 187.000000 189.000000 213.000000 292.000000 345.000000 412.000000 480.000000 460.000000 492.000000 485.000000 552.000000 597.000000 657.000000 361.000000 86.000000 17.000000 16.000000 325.000000 393.000000 424.000000 668.000000 446.000000 392.000000 323.000000 15.000000 5.000000 678.000000 97.000000 130.000000 0.000000 235.000000 240.000000 758.000000 271.000000 163.000000 164.000000 272.000000 248.000000 
404.000000 169.000000 146.000000 133.000000 144.000000 147.000000 235.000000 264.000000 289.000000 560.000000 493.000000 444.000000 391.000000 398.000000 373.000000 389.000000 336.000000 270.000000 287.000000 282.000000 261.000000 220.000000 340.000000 243.000000 267.000000 286.000000 271.000000 338.000000 386.000000 366.000000 398.000000 391.000000 458.000000 503.000000 563.000000 267.000000 327.000000 258.000000 255.000000 255.000000 299.000000 330.000000 705.000000 352.000000 298.000000 257.000000 253.000000 231.000000 584.000000 153.000000 146.000000 238.000000 0.000000 3.000000 664.000000 34.000000 72.000000 69.000000 34.000000 301.000000 
409.000000 164.000000 141.000000 128.000000 138.000000 142.000000 230.000000 258.000000 284.000000 553.000000 486.000000 436.000000 384.000000 403.000000 378.000000 395.000000 341.000000 276.000000 292.000000 287.000000 266.000000 225.000000 345.000000 248.000000 272.000000 291.000000 276.000000 343.000000 391.000000 371.000000 403.000000 383.000000 450.000000 495.000000 555.000000 272.000000 332.000000 264.000000 260.000000 260.000000 304.000000 323.000000 710.000000 344.000000 303.000000 262.000000 259.000000 236.000000 576.000000 158.000000 151.000000 243.000000 3.000000 0.000000 656.000000 28.000000 77.000000 74.000000 29.000000 306.000000 
420.000000 777.000000 754.000000 741.000000 752.000000 755.000000 843.000000 872.000000 897.000000 100.000000 167.000000 215.000000 293.000000 326.000000 353.000000 394.000000 486.000000 460.000000 476.000000 538.000000 559.000000 616.000000 735.000000 639.000000 553.000000 475.000000 460.000000 484.000000 390.000000 359.000000 326.000000 292.000000 202.000000 157.000000 97.000000 409.000000 815.000000 804.000000 770.000000 445.000000 376.000000 343.000000 733.000000 350.000000 377.000000 446.000000 771.000000 785.000000 357.000000 707.000000 699.000000 787.000000 751.000000 746.000000 0.000000 717.000000 626.000000 620.000000 716.000000 697.000000 
440.000000 135.000000 112.000000 99.000000 110.000000 113.000000 201.000000 230.000000 255.000000 586.000000 520.000000 470.000000 418.000000 434.000000 409.000000 425.000000 372.000000 306.000000 323.000000 318.000000 297.000000 256.000000 376.000000 279.000000 303.000000 322.000000 307.000000 374.000000 422.000000 402.000000 434.000000 417.000000 484.000000 529.000000 589.000000 303.000000 363.000000 295.000000 291.000000 291.000000 335.000000 357.000000 741.000000 378.000000 334.000000 293.000000 289.000000 267.000000 610.000000 189.000000 182.000000 274.000000 34.000000 28.000000 734.000000 0.000000 108.000000 105.000000 0.000000 337.000000 
351.000000 243.000000 221.000000 207.000000 218.000000 221.000000 309.000000 338.000000 363.000000 507.000000 440.000000 391.000000 338.000000 344.000000 319.000000 336.000000 282.000000 217.000000 234.000000 209.000000 188.000000 148.000000 267.000000 170.000000 194.000000 233.000000 218.000000 284.000000 333.000000 313.000000 344.000000 338.000000 404.000000 449.000000 509.000000 213.000000 254.000000 186.000000 182.000000 202.000000 246.000000 277.000000 652.000000 298.000000 245.000000 203.000000 181.000000 158.000000 530.000000 80.000000 73.000000 166.000000 72.000000 77.000000 611.000000 108.000000 0.000000 1.000000 109.000000 229.000000 
330.000000 240.000000 217.000000 204.000000 215.000000 218.000000 306.000000 335.000000 360.000000 486.000000 419.000000 369.000000 317.000000 323.000000 298.000000 315.000000 261.000000 196.000000 213.000000 210.000000 189.000000 149.000000 268.000000 172.000000 196.000000 212.000000 197.000000 263.000000 311.000000 292.000000 323.000000 316.000000 383.000000 428.000000 488.000000 192.000000 255.000000 187.000000 183.000000 181.000000 225.000000 256.000000 630.000000 277.000000 224.000000 182.000000 182.000000 159.000000 509.000000 82.000000 74.000000 167.000000 69.000000 74.000000 589.000000 105.000000 1.000000 0.000000 106.000000 230.000000 
441.000000 134.000000 111.000000 98.000000 109.000000 112.000000 200.000000 229.000000 254.000000 587.000000 521.000000 471.000000 419.000000 435.000000 410.000000 426.000000 373.000000 307.000000 324.000000 319.000000 298.000000 257.000000 377.000000 280.000000 304.000000 323.000000 308.000000 374.000000 423.000000 403.000000 435.000000 418.000000 485.000000 530.000000 590.000000 304.000000 364.000000 295.000000 291.000000 292.000000 336.000000 358.000000 742.000000 379.000000 335.000000 294.000000 290.000000 268.000000 611.000000 190.000000 183.000000 275.000000 34.000000 29.000000 733.000000 0.000000 109.000000 106.000000 0.000000 338.000000 
462.000000 509.000000 486.000000 472.000000 483.000000 486.000000 575.000000 603.000000 628.000000 637.000000 571.000000 521.000000 469.000000 475.000000 450.000000 468.000000 393.000000 328.000000 275.000000 211.000000 191.000000 114.000000 38.000000 93.000000 197.000000 276.000000 329.000000 395.000000 463.000000 443.000000 475.000000 468.000000 535.000000 580.000000 640.000000 344.000000 181.000000 170.000000 136.000000 308.000000 376.000000 408.000000 651.000000 429.000000 376.000000 307.000000 137.000000 158.000000 661.000000 209.000000 189.000000 152.000000 337.000000 342.000000 741.000000 373.000000 265.000000 266.000000 374.000000 0.000000 
12 12 0.475000 342.000000 13 0.368000 265.000000 14 0.632000 456.000000 15 0.994000 716.000000 28 0.957000 689.000000 29 0.684000 493.000000 30 0.368000 265.000000 31 0.483000 348.000000 40 0.905000 652.000000 41 0.646000 465.000000 43 0.635000 457.000000 44 0.917000 660.000000 
8 12 0.608000 438.000000 13 0.501000 361.000000 14 0.765000 551.000000 29 0.817000 589.000000 30 0.501000 361.000000 31 0.616000 444.000000 41 0.779000 561.000000 43 0.768000 553.000000 
8 12 0.731000 526.000000 13 0.624000 449.000000 14 0.888000 639.000000 29 0.940000 677.000000 30 0.624000 449.000000 31 0.739000 532.000000 41 0.902000 649.000000 43 0.891000 641.000000 
4 21 0.793000 571.000000 23 0.976000 703.000000 49 0.501000 361.000000 50 0.344000 248.000000 
2 11 0.636000 458.000000 32 0.680000 490.000000 
4 52 0.424000 305.000000 53 0.476000 343.000000 55 0.877000 632.000000 58 0.891000 642.000000 
7 36 0.439000 316.000000 37 0.670000 483.000000 38 0.417000 300.000000 46 0.428000 308.000000 47 0.624000 449.000000 51 0.568000 409.000000 59 0.916000 659.000000 
6 12 0.935000 674.000000 31 0.927000 668.000000 40 0.616000 444.000000 41 0.582000 419.000000 43 0.592000 427.000000 44 0.628000 452.000000 
6 12 0.968000 697.000000 31 0.960000 692.000000 40 0.678000 488.000000 41 0.615000 443.000000 43 0.625000 450.000000 44 0.690000 497.000000 
9 17 0.969000 698.000000 26 0.976000 703.000000 35 0.431000 310.000000 39 0.841000 606.000000 40 0.752000 542.000000 41 0.819000 590.000000 43 0.829000 598.000000 44 0.740000 533.000000 45 0.863000 621.000000 
4 21 0.973000 700.000000 22 0.307000 222.000000 23 0.789000 569.000000 59 0.487000 351.000000 
6 17 0.779000 561.000000 18 0.387000 279.000000 25 0.402000 290.000000 26 0.786000 566.000000 39 0.766000 552.000000 45 0.744000 536.000000 
9 17 0.629000 453.000000 18 0.525000 378.000000 25 0.540000 389.000000 26 0.636000 458.000000 35 0.816000 587.000000 39 0.501000 361.000000 45 0.523000 376.000000 56 0.899000 647.000000 57 0.880000 633.000000 
4 21 0.546000 393.000000 23 0.729000 525.000000 49 0.600000 432.000000 50 0.443000 319.000000 
9 20 0.931000 671.000000 21 0.437000 314.000000 23 0.620000 446.000000 36 0.949000 684.000000 38 0.770000 555.000000 46 0.781000 563.000000 47 0.977000 704.000000 51 0.921000 664.000000 59 0.978000 704.000000 
8 19 0.792000 570.000000 20 0.493000 355.000000 21 0.083000 59.000000 22 0.748000 538.000000 23 0.266000 191.000000 24 0.592000 426.000000 50 0.876000 630.000000 59 0.663000 477.000000 
8 11 0.642000 463.000000 12 0.575000 415.000000 13 0.925000 666.000000 30 0.925000 666.000000 31 0.567000 409.000000 32 0.799000 576.000000 41 0.848000 611.000000 43 0.858000 619.000000 
5 19 0.848000 611.000000 20 0.549000 396.000000 21 0.443000 319.000000 23 0.626000 451.000000 24 0.648000 467.000000 
5 19 0.255000 184.000000 20 0.042000 30.000000 21 0.619000 445.000000 23 0.802000 577.000000 24 0.056000 40.000000 
6 19 0.801000 577.000000 20 0.502000 362.000000 21 0.396000 285.000000 23 0.579000 417.000000 24 0.601000 433.000000 59 0.976000 703.000000 
8 36 0.708000 510.000000 37 0.397000 286.000000 38 0.557000 401.000000 46 0.546000 393.000000 47 0.351000 252.000000 49 0.434000 313.000000 50 0.592000 426.000000 51 0.406000 292.000000 
4 21 0.438000 315.000000 22 0.696000 501.000000 23 0.281000 203.000000 59 0.978000 704.000000 
5 20 0.967000 697.000000 21 0.391000 282.000000 22 0.622000 448.000000 23 0.207000 150.000000 59 0.931000 671.000000 
4 21 0.434000 313.000000 22 0.230000 165.000000 23 0.250000 181.000000 59 0.523000 376.000000 
6 20 0.850000 613.000000 21 0.274000 197.000000 22 0.665000 480.000000 23 0.417000 300.000000 24 0.949000 684.000000 59 0.372000 268.000000 
2 19 0.799000 575.000000 24 0.999000 719.000000 
2 11 0.626000 450.000000 32 0.670000 483.000000 
3 19 0.392000 283.000000 20 0.666000 480.000000 24 0.567000 408.000000 
7 2 0.979000 706.000000 3 0.701000 505.000000 6 0.773000 557.000000 52 0.352000 253.000000 53 0.300000 216.000000 55 0.100000 72.000000 58 0.114000 82.000000 
7 17 0.461000 332.000000 18 0.712000 513.000000 25 0.697000 502.000000 26 0.468000 337.000000 35 0.648000 467.000000 39 0.333000 240.000000 45 0.355000 256.000000 
12 11 0.794000 572.000000 12 0.275000 198.000000 13 0.625000 450.000000 14 0.889000 641.000000 29 0.941000 678.000000 30 0.625000 450.000000 31 0.267000 193.000000 32 0.951000 685.000000 40 0.807000 581.000000 41 0.548000 394.000000 43 0.558000 402.000000 44 0.819000 590.000000 
8 17 0.499000 360.000000 18 0.107000 77.000000 19 0.868000 625.000000 25 0.122000 88.000000 26 0.506000 364.000000 35 0.896000 645.000000 39 0.486000 350.000000 45 0.464000 334.000000 
7 17 0.768000 554.000000 18 0.376000 271.000000 25 0.391000 282.000000 26 0.775000 558.000000 35 0.964000 694.000000 39 0.649000 467.000000 45 0.671000 483.000000 
4 10 0.662000 477.000000 11 0.195000 140.000000 32 0.239000 172.000000 33 0.779000 561.000000 
12 12 0.611000 441.000000 13 0.731000 526.000000 14 0.995000 717.000000 30 0.731000 526.000000 31 0.603000 435.000000 35 0.471000 340.000000 39 0.881000 635.000000 40 0.047000 34.000000 41 0.258000 186.000000 43 0.268000 194.000000 44 0.059000 43.000000 45 0.903000 651.000000 
3 35 0.819000 589.000000 41 0.972000 699.000000 43 0.982000 707.000000 
11 16 0.877000 632.000000 17 0.294000 212.000000 18 0.545000 393.000000 25 0.530000 382.000000 26 0.301000 217.000000 27 0.892000 643.000000 35 0.481000 347.000000 39 0.166000 120.000000 40 0.905000 652.000000 44 0.893000 644.000000 45 0.188000 136.000000 
8 17 0.682000 491.000000 18 0.290000 209.000000 19 0.793000 571.000000 24 0.993000 715.000000 25 0.305000 220.000000 26 0.689000 496.000000 39 0.669000 482.000000 45 0.647000 466.000000 
6 17 0.812000 585.000000 18 0.420000 303.000000 25 0.435000 314.000000 26 0.819000 590.000000 39 0.799000 576.000000 45 0.777000 560.000000 
6 18 0.964000 694.000000 19 0.144000 104.000000 20 0.418000 301.000000 21 0.995000 716.000000 24 0.319000 229.000000 25 0.979000 705.000000 
1 42 0.697000 502.000000 
1 42 0.104000 75.000000 
3 19 0.665000 479.000000 20 0.964000 694.000000 24 0.865000 623.000000 
7 17 0.457000 329.000000 18 0.708000 509.000000 25 0.693000 499.000000 26 0.464000 334.000000 35 0.644000 464.000000 39 0.329000 237.000000 45 0.351000 253.000000 
7 36 0.342000 247.000000 37 0.094000 68.000000 38 0.347000 250.000000 46 0.336000 242.000000 47 0.141000 101.000000 49 0.927000 668.000000 51 0.196000 141.000000 
6 3 0.801000 577.000000 6 0.870000 627.000000 52 0.326000 235.000000 53 0.274000 197.000000 55 0.197000 142.000000 58 0.211000 152.000000 
4 52 0.467000 336.000000 53 0.415000 299.000000 55 0.816000 588.000000 58 0.830000 598.000000 
12 1 0.746000 537.000000 2 0.537000 387.000000 3 0.259000 186.000000 4 0.565000 407.000000 5 0.604000 435.000000 6 0.335000 241.000000 7 0.574000 413.000000 8 0.783000 564.000000 52 0.824000 593.000000 53 0.772000 556.000000 55 0.370000 267.000000 58 0.356000 257.000000 
7 36 0.307000 221.000000 37 0.538000 388.000000 38 0.285000 205.000000 46 0.296000 213.000000 47 0.492000 354.000000 51 0.436000 314.000000 59 0.784000 564.000000 
1 42 0.460000 331.000000 
11 11 0.903000 651.000000 12 0.132000 96.000000 13 0.482000 347.000000 14 0.746000 538.000000 29 0.798000 575.000000 30 0.482000 347.000000 31 0.124000 90.000000 40 0.664000 478.000000 41 0.405000 292.000000 43 0.415000 299.000000 44 0.676000 487.000000 
2 11 0.536000 386.000000 32 0.580000 418.000000 
1 42 0.095000 68.000000 
1 42 0.320000 230.000000 
3 19 0.612000 441.000000 20 0.886000 638.000000 24 0.787000 567.000000 
6 9 0.884000 637.000000 10 0.157000 113.000000 11 0.712000 512.000000 32 0.555000 400.000000 33 0.175000 126.000000 34 0.924000 666.000000 
2 11 0.543000 391.000000 32 0.587000 423.000000 
4 14 0.854000 615.000000 15 0.970000 698.000000 28 0.933000 672.000000 29 0.802000 577.000000 
3 21 0.560000 403.000000 22 0.791000 569.000000 23 0.376000 271.000000 
6 9 0.908000 654.000000 10 0.133000 96.000000 11 0.688000 495.000000 32 0.531000 383.000000 33 0.199000 143.000000 34 0.948000 683.000000 
4 12 0.979000 705.000000 13 0.872000 628.000000 30 0.872000 628.000000 31 0.987000 710.000000 
10 12 0.309000 223.000000 13 0.659000 475.000000 14 0.923000 665.000000 29 0.975000 703.000000 30 0.659000 475.000000 31 0.301000 217.000000 40 0.793000 571.000000 41 0.534000 385.000000 43 0.544000 392.000000 44 0.805000 580.000000 
13 12 0.211000 153.000000 13 0.334000 240.000000 14 0.598000 431.000000 15 0.967000 696.000000 28 0.930000 669.000000 29 0.650000 468.000000 30 0.334000 240.000000 31 0.203000 147.000000 35 0.909000 655.000000 40 0.485000 350.000000 41 0.226000 163.000000 43 0.237000 170.000000 44 0.497000 358.000000 
8 11 0.629000 454.000000 12 0.562000 405.000000 13 0.912000 657.000000 30 0.912000 657.000000 31 0.554000 400.000000 32 0.786000 566.000000 41 0.835000 601.000000 43 0.845000 609.000000 
10 12 0.206000 149.000000 13 0.556000 400.000000 14 0.820000 591.000000 29 0.872000 628.000000 30 0.556000 400.000000 31 0.198000 143.000000 40 0.690000 497.000000 41 0.431000 310.000000 43 0.441000 318.000000 44 0.702000 505.000000 
4 10 0.095000 68.000000 11 0.650000 468.000000 32 0.493000 355.000000 33 0.212000 153.000000 
1 48 0.907000 654.000000 
4 9 0.115000 83.000000 33 0.945000 681.000000 34 0.075000 54.000000 54 0.943000 679.000000 
9 16 0.884000 636.000000 17 0.322000 232.000000 18 0.283000 203.000000 25 0.268000 193.000000 26 0.329000 237.000000 27 0.899000 647.000000 35 0.719000 518.000000 39 0.309000 222.000000 45 0.287000 207.000000 
1 19 0.941000 678.000000 
4 21 0.450000 324.000000 22 0.827000 596.000000 23 0.412000 297.000000 59 0.990000 713.000000 
5 20 0.919000 662.000000 21 0.343000 247.000000 22 0.790000 569.000000 23 0.308000 222.000000 59 0.883000 636.000000 
7 19 0.558000 403.000000 20 0.259000 187.000000 21 0.316000 227.000000 22 0.981000 706.000000 23 0.499000 359.000000 24 0.358000 258.000000 59 0.896000 645.000000 
4 21 0.556000 400.000000 22 0.177000 127.000000 23 0.372000 268.000000 59 0.470000 338.000000 
5 47 0.998000 718.000000 49 0.211000 152.000000 50 0.179000 129.000000 56 0.972000 700.000000 57 0.992000 714.000000 
4 49 0.493000 355.000000 50 0.628000 452.000000 56 0.289000 208.000000 57 0.309000 222.000000 
6 3 0.819000 590.000000 6 0.891000 642.000000 52 0.619000 446.000000 53 0.567000 408.000000 55 0.218000 157.000000 58 0.232000 167.000000 
7 17 0.598000 431.000000 18 0.206000 148.000000 25 0.221000 159.000000 26 0.605000 435.000000 35 0.995000 716.000000 39 0.585000 421.000000 45 0.563000 405.000000 
4 52 0.345000 248.000000 53 0.397000 286.000000 55 0.798000 575.000000 58 0.812000 585.000000 
12 1 0.840000 605.000000 2 0.618000 445.000000 3 0.340000 245.000000 4 0.642000 463.000000 5 0.681000 491.000000 6 0.412000 297.000000 7 0.651000 469.000000 8 0.860000 620.000000 52 0.713000 513.000000 53 0.661000 476.000000 55 0.259000 187.000000 58 0.245000 177.000000 
12 1 0.753000 542.000000 2 0.544000 392.000000 3 0.266000 191.000000 4 0.572000 412.000000 5 0.611000 440.000000 6 0.342000 246.000000 7 0.581000 418.000000 8 0.790000 569.000000 52 0.831000 598.000000 53 0.779000 561.000000 55 0.377000 272.000000 58 0.363000 262.000000 
3 10 0.493000 355.000000 32 0.916000 660.000000 33 0.411000 296.000000 
7 36 0.220000 158.000000 37 0.531000 382.000000 38 0.290000 209.000000 46 0.301000 217.000000 47 0.497000 357.000000 51 0.441000 317.000000 59 0.873000 628.000000 
4 21 0.797000 574.000000 22 0.131000 95.000000 23 0.613000 442.000000 59 0.311000 224.000000 
1 35 0.917000 661.000000 
4 35 0.948000 683.000000 40 0.992000 715.000000 41 0.958000 690.000000 43 0.968000 698.000000 
7 12 0.962000 693.000000 31 0.954000 688.000000 35 0.636000 458.000000 40 0.643000 463.000000 41 0.609000 439.000000 43 0.619000 446.000000 44 0.655000 472.000000 
6 12 0.906000 653.000000 31 0.898000 647.000000 40 0.587000 423.000000 41 0.553000 398.000000 43 0.563000 406.000000 44 0.599000 431.000000 
9 12 0.759000 547.000000 13 0.926000 666.000000 30 0.926000 666.000000 31 0.751000 541.000000 35 0.864000 622.000000 40 0.440000 317.000000 41 0.406000 292.000000 43 0.416000 300.000000 44 0.452000 325.000000 
11 12 0.529000 381.000000 13 0.621000 447.000000 14 0.885000 638.000000 29 0.937000 675.000000 30 0.621000 447.000000 31 0.521000 375.000000 35 0.595000 428.000000 40 0.171000 123.000000 41 0.176000 126.000000 43 0.186000 134.000000 44 0.183000 131.000000 
9 12 0.621000 447.000000 13 0.788000 567.000000 30 0.788000 567.000000 31 0.613000 442.000000 35 0.726000 523.000000 40 0.302000 217.000000 41 0.268000 193.000000 43 0.278000 200.000000 44 0.314000 226.000000 
8 11 0.759000 547.000000 12 0.526000 379.000000 13 0.876000 631.000000 30 0.876000 631.000000 31 0.518000 374.000000 32 0.916000 660.000000 41 0.751000 541.000000 43 0.761000 549.000000 
11 12 0.388000 279.000000 13 0.443000 318.000000 14 0.707000 509.000000 29 0.759000 546.000000 30 0.443000 318.000000 31 0.380000 274.000000 35 0.743000 535.000000 40 0.319000 229.000000 41 0.060000 43.000000 43 0.049000 35.000000 44 0.331000 238.000000 
15 12 0.946000 682.000000 14 0.968000 697.000000 17 0.688000 496.000000 18 0.939000 676.000000 25 0.924000 666.000000 26 0.695000 501.000000 29 0.916000 660.000000 31 0.938000 676.000000 35 0.150000 108.000000 39 0.560000 404.000000 40 0.333000 240.000000 41 0.593000 427.000000 43 0.603000 435.000000 44 0.321000 232.000000 45 0.582000 419.000000 
13 14 0.982000 707.000000 17 0.702000 506.000000 18 0.953000 686.000000 25 0.938000 675.000000 26 0.709000 510.000000 29 0.930000 670.000000 35 0.164000 118.000000 39 0.574000 413.000000 40 0.485000 349.000000 41 0.745000 536.000000 43 0.755000 544.000000 44 0.473000 341.000000 45 0.596000 429.000000 
4 52 0.365000 263.000000 53 0.313000 225.000000 55 0.714000 514.000000 58 0.728000 524.000000 
6 52 0.531000 382.000000 53 0.583000 420.000000 55 0.984000 709.000000 56 0.494000 356.000000 57 0.475000 342.000000 58 0.998000 719.000000 
4 52 0.343000 246.000000 53 0.291000 209.000000 55 0.692000 498.000000 58 0.706000 508.000000 
6 52 0.317000 228.000000 53 0.369000 266.000000 55 0.770000 555.000000 56 0.625000 451.000000 57 0.606000 437.000000 58 0.784000 565.000000 
4 52 0.382000 275.000000 53 0.330000 237.000000 55 0.731000 526.000000 58 0.745000 536.000000 
6 52 0.387000 279.000000 53 0.439000 316.000000 55 0.840000 605.000000 56 0.968000 697.000000 57 0.949000 683.000000 58 0.854000 615.000000 
5 49 0.882000 635.000000 52 0.846000 609.000000 53 0.898000 646.000000 56 0.098000 71.000000 57 0.079000 57.000000 
2 56 0.287000 207.000000 57 0.268000 193.000000 
2 56 0.317000 228.000000 57 0.298000 214.000000 
6 36 0.131000 95.000000 37 0.178000 128.000000 38 0.269000 194.000000 46 0.280000 202.000000 47 0.225000 162.000000 51 0.280000 202.000000 
8 36 0.589000 424.000000 37 0.278000 201.000000 38 0.438000 316.000000 46 0.427000 308.000000 47 0.232000 167.000000 49 0.553000 399.000000 50 0.711000 512.000000 51 0.287000 207.000000 
4 49 0.559000 402.000000 50 0.694000 499.000000 56 0.223000 161.000000 57 0.243000 175.000000 
9 21 0.913000 658.000000 22 0.552000 398.000000 36 0.833000 600.000000 37 0.923000 665.000000 38 0.670000 483.000000 46 0.681000 491.000000 47 0.877000 632.000000 51 0.821000 592.000000 59 0.332000 239.000000 
5 47 0.997000 718.000000 49 0.222000 160.000000 50 0.357000 257.000000 56 0.560000 404.000000 57 0.580000 418.000000 
1 19 0.903000 650.000000 
