13
1 255 40
2 415 27 1600 25
1 434 64
3 625 14 617 24 711 24
2 742 29 812 40
1 1088 62
3 611 30 711 22 812 11
3 1392 28 1764 35 812 6
3 1025 37 1010 15 1507 15
3 1532 31 1694 15 187 20
2 335 45 1657 12
1 1373 60
3 1219 22 1261 1 398 3
415 434 415 415 415 1600 1600 415 415 1600 1600 415 415 335 1600 335 1600 1657 415 434 1600 415 415 1600 1600 1600 434 434 434 434 1600 1600 415 434 434 415 434 434 434 434 434 434 434 434 434 434 434 434 434 415 434 434 434 434 434 434 434 434 434 434 434 415 434 434 434 415 434 434 415 812 812 812 812 812 812 812 812 812 415 1600 1600 335 335 335 335 1657 335 335 335 335 335 335 335 1657 335 335 335 335 335 1657 335 335 1657 335 1657 1657 335 335 335 335 187 187 187 187 742 742 742 742 812 812 812 742 812 742 742 742 812 812 812 711 812 812 812 812 711 711 711 742 711 711 711 711 711 711 711 711 711 1532 1532 1532 255 1532 255 255 1532 1532 1532 1532 255 255 255 255 1694 255 1694 1694 1694 187 255 255 187 1088 1025 1088 1025 1088 1088 1088 1088 1088 1025 1025 1025 1025 1025 1025 1025 1025 1088 1088 1088 1088 1088 1088 1025 1088 1088 1088 1088 1088 255 1694 1532 1694 611 611 611 611 611 1373 1373 1373 1373 1373 1373 1373 1373 1373 1373 1373 1373 1373 1373 1373 1373 1764 1764 611 611 611 611 1764 1764 1764 1764 1764 1764 1764 1764 1392 1392 1392 1392 1392 1392 1392 1392 742 742 742 742 812 812 812 742 812 742 742 742 812 812 812 711 812 812 812 812 711 711 711 742 711 711 711 711 711 711 711 711 711 1532 1532 1532 255 1532 255 255 1532 1532 1532 1532 255 255 255 255 1694 255 1694 1694 1694 187 255 255 187 1088 1025 1088 1025 1088 1088 1088 1088 1088 1025 1025 1025 1025 1025 1025 1025 1025 1088 1088 1088 1088 1088 1088 1025 1088 1088 1088 1088 1088 255 1694 1532 1694 611 611 611 611 611 1373 1373 1373 1373 1373 1373 1373 1373 1373 1373 1373 1373 1373 1373 1373 1373 1764 1764 611 611 611 611 1764 1764 1764 1764 1764 1764 1764 1764 1392 1392 1392 1392 1392 1392 1392 1392 617 617 617 617 617 617 617 617 617 617 617 617 617 625 625 625 625 625 625 625 625 617 617 617 1219 1219 1219 1219 1219 1219 1219 1219 1219 1219 1219 1261 1219 1025 1010 1025 1010 1010 1010 1010 1010 1010 1507 1507 1507 1507 1507 1507 1507 1010 1507 1507 398 398 