13
3 1792 26 179 4 211 11
2 432 50 1600 18
3 434 35 812 25 367 4
4 646 8 625 30 1241 22 1261 1
2 726 55 789 8
3 1088 22 1089 29 1010 12
1 1373 58
2 1644 31 1387 38
2 948 14 214 4
2 1048 40 1045 22
3 1529 9 255 56 1362 3
3 607 26 711 31 1719 11
1 357 54
432 357 432 432 432 357 357 1600 1600 1600 1600 1600 1600 357 1600 1600 1600 1600 357 357 357 432 432 357 357 357 432 432 432 432 432 432 432 432 432 434 432 434 434 434 434 434 434 432 432 434 434 434 432 434 434 434 434 434 434 434 432 432 434 432 432 432 434 434 432 432 434 432 367 812 812 812 812 1719 812 812 367 812 367 432 432 357 357 357 1600 357 357 357 357 357 357 357 357 357 357 357 357 357 357 1792 357 357 357 1792 1792 1792 357 1792 179 179 1792 1792 211 1792 726 726 726 726 1719 726 726 726 726 726 726 1719 726 789 726 789 789 812 812 812 726 711 726 726 711 711 726 711 711 711 726 711 711 1045 1045 1045 255 255 255 255 255 255 255 255 255 255 255 1529 255 255 255 255 255 211 1792 1792 211 1048 1048 1048 1048 1048 1048 1048 1088 1088 1048 1045 1048 1048 1045 1089 1089 1048 1089 1089 1089 1089 1048 1048 1089 1088 1088 1088 1088 1089 255 255 1529 1529 607 607 607 607 607 1373 1373 1373 1373 1373 1373 1373 1373 1373 1373 1373 1373 1373 1373 1387 1387 1387 1387 1373 1373 607 607 1644 607 1644 1387 1387 1644 1644 1644 1644 1387 1387 1387 1387 1644 1644 1644 726 726 726 726 1719 726 726 726 726 726 726 1719 726 789 726 789 789 812 812 812 726 711 726 726 711 711 726 711 711 711 726 711 711 1045 1045 1045 255 255 1362 255 255 255 255 255 255 255 255 1529 255 255 255 255 255 211 1792 1792 211 1048 1048 1048 1048 1048 1048 1048 1088 1088 1048 1045 1048 1048 1045 1089 1089 1048 1089 1089 1089 1089 1048 1048 1089 1088 1088 1088 1088 1089 255 255 1529 1529 607 607 607 607 607 1373 1373 1373 1373 1373 1373 1373 1373 1373 1373 1373 1373 1373 1373 1387 1387 1387 1387 1373 1373 607 607 1644 607 1644 1387 1387 1644 1644 1644 1644 1387 1387 1387 1387 1644 1644 1644 625 625 625 625 625 625 646 625 625 625 625 625 625 625 625 625 625 625 646 625 625 646 646 646 1241 1241 1241 1241 1241 1241 1241 1241 1241 1241 1241 1261 1241 1045 1045 1045 1045 1010 1010 1010 1010 1010 948 948 948 948 948 948 948 948 1010 214 214 214 