14
1 92 70
2 196 39 92 27
2 516 21 209 17
2 409 21 6 49
2 131 41 778 11
2 80 22 795 48
3 673 43 76 24 910 1
3 61 6 823 16 647 12
4 414 4 520 16 910 42 910 7
4 163 39 666 6 747 23 910 2
3 238 26 762 24 45 17
1 373 2
1 126 3
1 694 1
762 6 131 209 163 131 61 163 823 45 45 163 795 414 163 778 795 910 238 910 516 209 666 92 673 209 795 520 673 516 238 910 520 76 910 126 673 778 520 76 163 778 747 673 666 45 910 910 163 673 647 747 163 673 673 673 238 76 516 823 209 910 163 673 910 673 747 778 747 520 409 795 131 762 747 910 516 823 76 163 92 673 910 76 163 910 747 92 910 45 666 196 131 92 163 673 163 910 910 673 76 778 647 76 45 747 647 45 131 762 414 647 673 163 238 238 209 762 762 795 238 910 163 76 76 409 910 163 409 673 910 910 516 910 516 673 673 647 910 92 673 823 910 694 747 209 747 516 673 45 673 209 414 747 131 516 516 6 163 910 163 910 747 910 520 126 762 673 163 6 209 209 673 795 673 373 647 910 673 45 45 747 163 92 126 61 516 762 163 910 76 45 45 520 92 61 163 778 795 76 673 76 209 795 762 910 238 762 131 795 778 910 238 516 520 409 163 516 910 163 910 647 762 910 61 163 163 45 45 747 666 762 520 516 910 409 409 409 6 409 6 409 6 6 238 409 6 409 6 6 238 6 6 61 6 238 6 6 6 6 6 6 6 6 409 238 6 6 6 6 6 238 409 6 6 6 6 238 6 238 238 6 238 409 131 131 131 131 823 131 823 823 131 131 131 823 131 131 131 823 131 823 131 823 131 131 823 131 131 795 795 196 80 795 795 196 92 92 92 92 92 92 92 92 80 92 92 92 795 92 196 92 92 196 795 92 795 196 795 80 92 795 92 92 795 196 196 196 80 196 795 92 196 92 795 795 92 92 80 92 92 92 92 92 196 92 795 196 795 196 795 92 92 196 92 92 92 92 92 196 80 196 92 92 92 92 92 92 80 795 92 80 80 795 92 196 795 795 196 196 80 92 92 92 92 92 196 80 92 