14
2 92 29 718 33
2 99 26 45 26
2 47 21 910 38
2 707 17 274 35
3 718 37 587 10 193 12
2 409 16 725 42
4 77 32 353 18 724 4 777 16
3 163 55 664 7 910 2
3 664 28 231 20 764 20
3 941 53 72 13 292 2
1 694 1
1 373 2
2 80 42 778 22
1 126 1
231 274 72 99 664 72 274 163 274 45 777 163 587 664 47 778 587 910 45 910 99 99 231 718 77 99 193 47 77 99 764 664 99 163 664 126 353 193 910 77 163 72 664 77 163 45 664 910 163 353 193 910 163 77 353 77 764 353 45 778 99 664 163 77 664 353 664 72 163 47 707 778 72 45 47 910 777 778 163 163 193 47 910 163 163 910 47 941 910 777 163 587 274 718 77 77 163 910 910 910 163 587 274 77 777 664 274 45 587 45 664 193 353 163 764 231 99 45 231 718 45 353 163 163 77 409 910 163 409 353 910 664 45 47 777 77 77 274 910 92 77 707 47 694 910 99 664 910 77 45 77 99 664 664 778 45 777 274 163 910 163 353 664 910 99 274 231 353 163 274 99 99 77 193 77 373 274 664 77 777 45 664 163 193 718 764 45 231 163 664 163 45 45 47 941 707 47 72 92 163 77 163 99 941 231 910 45 231 587 718 718 47 764 724 910 707 163 777 664 163 910 274 45 910 409 163 163 777 45 664 77 231 47 910 910 409 292 409 725 409 725 409 725 725 764 764 725 409 725 725 764 725 725 409 707 764 725 725 725 725 725 725 725 725 274 764 725 725 725 725 725 764 274 725 725 725 707 764 725 764 409 725 764 274 778 274 778 274 707 274 778 778 707 778 72 778 707 274 274 778 707 778 274 778 707 778 778 707 274 941 718 941 80 80 718 92 80 718 718 718 718 92 941 718 80 718 718 92 92 92 941 718 80 80 718 718 718 941 718 80 718 718 92 718 718 80 80 941 80 941 718 80 941 92 718 718 80 80 80 718 92 941 718 718 718 718 72 941 718 92 80 92 92 941 718 718 718 80 718 941 941 941 718 718 941 941 92 941 80 941 80 80 941 941 92 941 80 718 941 941 80 718 941 92 718 718 80 80 80 